1737417607;22.2;19.0
1737417622;22.2;19.0
1737417637;22.2;19.0
1737417653;22.2;19.0
1737417668;22.2;19.0
1737417683;22.2;19.0
1737417698;22.2;19.0
1737417713;22.2;19.0
1737417729;22.2;19.0
1737417744;22.2;19.0
1737417759;22.2;19.0
1737417774;22.2;19.0
1737417789;22.2;19.0
1737417804;22.3;19.0
1737417820;22.3;19.0
1737417835;22.3;19.0
1737417850;22.3;19.0
1737417865;22.3;19.0
1737417880;22.3;19.0
1737417895;22.3;19.0
1737417911;22.2;19.0
1737417926;22.3;19.0
1737417941;22.3;19.0
1737417956;22.2;19.0
1737417971;22.2;19.0
1737417987;22.2;19.0
1737418002;22.2;19.0
1737418017;22.2;19.0
1737418032;22.2;19.0
1737418047;22.2;19.0
1737418063;22.2;19.0
1737418078;22.2;19.0
1737418093;22.2;19.0
1737418108;22.2;19.0
1737418124;22.2;19.0
1737418139;22.2;19.0
1737418154;22.2;19.0
1737418169;22.2;19.0
1737418184;22.2;19.0
1737418200;22.2;19.0
1737418223;22.2;19.0
1737418235;22.2;19.0
1737418250;22.2;19.0
1737418265;22.2;19.0
1737418280;22.2;19.0
1737418296;22.2;19.0
1737418311;22.2;19.0
1737418326;22.2;19.0
1737418341;22.2;19.0
1737418356;22.2;19.0
1737418371;22.2;19.0
1737418387;22.2;19.0
1737418402;22.2;19.0
1737418417;22.2;19.0
1737418432;22.2;19.0
1737418448;22.2;19.0
1737418463;22.2;19.0
1737418478;22.2;19.0
1737418493;22.2;19.0
1737418508;22.2;19.0
1737418524;22.2;19.0
1737418539;22.2;19.0
1737418554;22.2;19.0
1737418569;22.2;19.0
1737418584;22.2;19.0
1737418600;22.2;19.0
1737418615;22.2;19.0
1737418630;22.2;19.0
1737418645;22.2;19.0
1737418661;22.2;19.0
1737418676;22.2;19.0
1737418691;22.2;19.0
1737418706;22.2;19.0
1737418721;22.2;19.0
1737418736;22.2;19.0
1737418754;22.2;19.0
1737418770;22.2;19.0
1737418785;22.2;19.0
1737418800;22.2;19.0
1737418815;22.2;19.0
1737418830;22.2;19.0
1737418846;22.2;19.0
1737418861;22.2;19.0
1737418876;22.2;19.0
1737418891;22.2;19.0
1737418906;22.2;19.0
1737418922;22.2;19.0
1737418937;22.2;19.0
1737418952;22.2;19.0
1737418967;22.2;19.0
1737418982;22.2;19.0
1737418997;22.2;19.0
1737419013;22.2;19.0
1737419028;22.2;19.0
1737419043;22.2;19.0
1737419058;22.2;19.0
1737419073;22.2;19.0
1737419088;22.2;19.0
1737419104;22.2;19.0
1737419119;22.2;19.0
1737419134;22.2;19.0
1737419149;22.2;19.0
1737419164;22.2;19.0
1737419180;22.2;19.0
1737419195;22.2;19.0
1737419210;22.2;19.0
1737419225;22.2;19.0
1737419240;22.2;19.0
1737419255;22.2;19.0
1737419270;22.2;19.0
1737419286;22.2;19.0
1737419301;22.2;19.0
1737419316;22.2;19.0
1737419331;22.2;19.0
1737419349;22.2;19.0
1737419364;22.2;19.0
1737419380;22.2;19.0
1737419395;22.2;19.0
1737419410;22.2;19.0
1737419425;22.2;19.0
1737419440;22.2;19.0
1737419455;22.2;19.0
1737419471;22.2;19.0
1737419486;22.2;19.0
1737419501;22.2;19.0
1737419516;22.2;19.0
1737419531;22.2;19.0
1737419546;22.2;19.0
1737419562;22.2;19.0
1737419577;22.2;19.0
1737419592;22.2;19.0
1737419607;22.2;19.0
1737419622;22.2;19.0
1737419638;22.2;19.0
1737419653;22.2;19.0
1737419668;22.2;19.0
1737419683;22.2;19.0
1737419698;22.2;19.0
1737419713;22.2;19.0
1737419729;22.2;19.0
1737419744;22.2;19.0
1737419759;22.2;19.0
1737419774;22.2;19.0
1737419789;22.2;19.0
1737419805;22.2;19.0
1737419820;22.2;19.0
1737419835;22.2;19.0
1737419850;22.2;19.0
1737419865;22.2;19.0
1737419881;22.2;19.0
1737419896;22.2;19.0
1737419911;22.2;19.0
1737419926;22.2;19.0
1737419941;22.2;19.0
1737419956;22.2;19.0
1737419972;22.2;19.0
1737419987;22.2;19.0
1737420002;22.2;19.0
1737420017;22.2;19.0
1737420032;22.2;19.0
1737420047;22.2;19.0
1737420063;22.2;19.0
1737420083;22.2;19.0
1737420098;22.2;19.0
1737420113;22.2;19.0
1737420128;22.2;19.0
1737420143;22.2;19.0
1737420159;22.2;19.0
1737420174;22.2;19.0
1737420192;22.2;19.0
1737420207;22.2;19.0
1737420222;22.2;19.0
1737420237;22.2;19.0
1737420252;22.2;19.0
1737420268;22.2;19.0
1737420283;22.2;19.0
1737420298;22.2;19.0
1737420313;22.2;19.0
1737420328;22.2;19.0
1737420344;22.2;19.0
1737420359;22.2;19.0
1737420374;22.2;19.0
1737420389;22.2;19.0
1737420404;22.2;19.0
1737420420;22.2;19.0
1737420435;22.2;19.0
1737420450;22.2;19.0
1737420465;22.2;19.0
1737420481;22.2;19.0
1737420496;22.2;19.0
1737420511;22.2;19.0
1737420526;22.2;19.0
1737420541;22.2;19.0
1737420557;22.2;19.0
1737420572;22.2;19.0
1737420590;22.2;19.0
1737420605;22.2;19.0
1737420620;22.2;19.0
1737420636;22.2;19.0
1737420651;22.2;19.0
1737420666;22.2;19.0
1737420681;22.2;19.0
1737420696;22.2;19.0
1737420711;22.2;19.0
1737420726;22.2;19.0
1737420744;22.2;19.0
1737420759;22.2;19.0
1737420774;22.2;19.0
1737420790;22.2;19.0
1737420805;22.2;19.0
1737420820;22.2;19.0
1737420835;22.2;19.0
1737420850;22.2;19.0
1737420865;22.2;19.0
1737420881;22.2;19.0
1737420896;22.2;19.0
1737420911;22.2;19.0
1737420926;22.2;19.0
1737420941;22.2;19.0
1737420957;22.2;19.0
1737420972;22.2;19.0
1737420987;22.2;19.0
1737421002;22.2;19.0
1737421017;22.2;19.0
1737421033;22.2;19.0
1737421048;22.2;19.0
1737421063;22.2;19.0
1737421078;22.2;19.0
1737421093;22.2;19.0
1737421108;22.2;19.0
1737421123;22.2;19.0
1737421139;22.2;19.0
1737421154;22.2;19.0
1737421169;22.2;19.0
1737421184;22.2;19.0
1737421199;22.2;19.0
1737421215;22.2;19.0
1737421230;22.2;19.0
1737421245;22.2;19.0
1737421260;22.2;19.0
1737421276;22.2;19.0
1737421291;22.2;19.0
1737421306;22.2;19.0
1737421321;22.2;19.0
1737421336;22.2;19.0
1737421351;22.2;19.0
1737421367;22.2;19.0
1737421382;22.2;19.0
1737421397;22.2;19.0
1737421412;22.2;19.0
1737421427;22.2;19.0
1737421443;22.2;19.0
1737421458;22.2;19.0
1737421473;22.2;19.0
1737421488;22.2;19.0
1737421503;22.2;19.0
1737421519;22.2;19.0
1737421534;22.2;19.0
1737421549;22.2;19.0
1737421564;22.2;19.0
1737421579;22.2;19.0
1737421594;22.2;19.0
1737421610;22.2;19.0
1737421625;22.2;19.0
1737421640;22.2;19.0
1737421655;22.2;19.0
1737421670;22.2;19.0
1737421686;22.2;19.0
1737421701;22.2;19.0
1737421716;22.2;19.0
1737421731;22.2;19.0
1737421746;22.2;19.0
1737421761;22.2;19.0
1737421779;22.2;19.0
1737421794;22.2;19.0
1737421810;22.2;19.0
1737421825;22.2;19.0
1737421840;22.2;19.0
1737421855;22.2;19.0
1737421870;22.2;19.0
1737421885;22.2;19.0
1737421901;22.2;19.0
1737421916;22.2;19.0
1737421931;22.2;19.0
1737421946;22.2;19.0
1737421961;22.2;19.0
1737421977;22.2;19.0
1737421992;22.2;19.0
1737422007;22.2;19.0
1737422022;22.2;19.0
1737422038;22.2;19.0
1737422053;22.2;19.0
1737422068;22.2;19.0
1737422084;22.2;19.0
1737422104;22.2;19.0
1737422120;22.2;19.0
1737422135;22.2;19.0
1737422150;22.2;19.0
1737422165;22.2;19.0
1737422180;22.2;19.0
1737422195;22.2;19.0
1737422211;22.2;19.0
1737422226;22.2;19.0
1737422241;22.2;19.0
1737422256;22.2;19.0
1737422271;22.2;19.0
1737422287;22.2;19.0
1737422302;22.2;19.0
1737422317;22.2;19.0
1737422332;22.2;19.0
1737422347;22.2;19.0
1737422362;22.2;19.0
1737422377;22.2;19.0
1737422393;22.2;19.0
1737422408;22.2;19.0
1737422423;22.2;19.0
1737422438;22.2;19.0
1737422453;22.2;19.0
1737422469;22.2;19.0
1737422484;22.2;19.0
1737422499;22.2;19.0
1737422514;22.2;19.0
1737422530;22.2;19.0
1737422545;22.2;19.0
1737422560;22.2;19.0
1737422575;22.2;19.0
1737422590;22.2;19.0
1737422605;22.2;19.0
1737422621;22.2;19.0
1737422636;22.2;19.0
1737422651;22.2;19.0
1737422666;22.2;19.0
1737422681;22.2;19.0
1737422697;22.2;19.0
1737422712;22.2;19.0
1737422727;22.2;19.0
1737422742;22.2;19.0
1737422757;22.2;19.0
1737422773;22.2;19.0
1737422788;22.2;19.0
1737422803;22.2;19.0
1737422818;22.2;19.0
1737422836;22.2;19.0
1737422851;22.2;19.0
1737422867;22.2;19.0
1737422882;22.2;19.0
1737422897;22.2;19.0
1737422912;22.2;19.0
1737422927;22.2;19.0
1737422942;22.2;19.0
1737422958;22.2;19.0
1737422973;22.2;19.0
1737422988;22.2;19.0
1737423003;22.2;19.0
1737423018;22.2;19.0
1737423034;22.2;19.0
1737423049;22.2;19.0
1737423064;22.2;19.0
1737423079;22.2;19.0
1737423094;22.2;19.0
1737423109;22.2;19.0
1737423125;22.2;19.0
1737423140;22.2;19.0
1737423155;22.2;19.0
1737423170;22.2;19.0
1737423185;22.2;19.0
1737423200;22.2;19.0
1737423216;22.2;19.0
1737423231;22.2;19.0
1737423246;22.2;19.0
1737423261;22.2;19.0
1737423277;22.2;19.0
1737423294;22.2;19.0
1737423310;22.2;19.0
1737423325;22.2;19.0
1737423340;22.2;19.0
1737423355;22.2;19.0
1737423370;22.2;19.0
1737423385;22.2;19.0
1737423401;22.2;19.0
1737423416;22.2;19.0
1737423431;22.2;19.0
1737423446;22.2;19.0
1737423461;22.2;19.0
1737423476;22.2;19.0
1737423492;22.2;19.0
1737423507;22.2;19.0
1737423522;22.2;19.0
1737423537;22.2;19.0
1737423552;22.2;19.0
1737423568;22.2;19.0
1737423583;22.2;19.0
1737423598;22.2;19.0
1737423613;22.2;19.0
1737423628;22.2;19.0
1737423643;22.2;19.0
1737423659;22.2;19.0
1737423674;22.2;19.0
1737423689;22.2;19.0
1737423704;22.2;19.0
1737423725;22.2;19.0
1737423740;22.2;19.0
1737423755;22.2;19.0
1737423770;22.2;19.0
1737423786;22.2;19.0
1737423801;22.2;19.0
1737423816;22.2;19.0
1737423831;22.2;19.0
1737423846;22.2;19.0
1737423861;22.2;19.0
1737423877;22.2;19.0
1737423892;22.2;19.0
1737423907;22.2;19.0
1737423922;22.2;19.0
1737423937;22.2;19.0
1737423952;22.2;19.0
1737423967;22.2;19.0
1737423983;22.2;19.0
1737423998;22.2;19.0
1737424013;22.2;19.0
1737424028;22.2;19.0
1737424044;22.2;19.0
1737424059;22.2;19.0
1737424074;22.2;19.0
1737424089;22.2;19.0
1737424104;22.2;19.0
1737424119;22.2;19.0
1737424135;22.2;19.0
1737424150;22.2;19.0
1737424165;22.2;19.0
1737424180;22.2;19.0
1737424195;22.2;19.0
1737424210;22.2;19.0
1737424226;22.2;19.0
1737424241;22.2;19.0
1737424258;22.2;19.0
1737424274;22.2;19.0
1737424289;22.2;19.0
1737424304;22.2;19.0
1737424319;22.2;19.0
1737424334;22.2;19.0
1737424349;22.2;19.0
1737424364;22.2;19.0
1737424380;22.2;19.0
1737424395;22.2;19.0
1737424410;22.2;19.0
1737424425;22.2;19.0
1737424441;22.2;19.0
1737424456;22.2;19.0
1737424471;22.2;19.0
1737424486;22.2;19.0
1737424501;22.2;19.0
1737424516;22.2;19.0
1737424532;22.2;19.0
1737424547;22.2;19.0
1737424562;22.2;19.0
1737424577;22.2;19.0
1737424593;22.2;19.0
1737424608;22.2;19.0
1737424623;22.2;19.0
1737424638;22.2;19.0
1737424653;22.2;19.0
1737424668;22.2;19.0
1737424684;22.2;19.0
1737424699;22.2;19.0
1737424714;22.2;19.0
1737424729;22.2;19.0
1737424744;22.2;19.0
1737424759;22.2;19.0
1737424775;22.2;19.0
1737424790;22.2;19.0
1737424807;22.2;19.0
1737424823;22.2;19.0
1737424838;22.2;19.0
1737424853;22.2;19.0
1737424868;22.2;19.0
1737424883;22.2;19.0
1737424899;22.2;19.0
1737424914;22.2;19.0
1737424929;22.2;19.0
1737424944;22.2;19.0
1737424959;22.2;19.0
1737424974;22.2;19.0
1737424990;22.2;19.0
1737425005;22.2;19.0
1737425020;22.2;19.0
1737425035;22.2;19.0
1737425050;22.2;19.0
1737425066;22.2;19.0
1737425081;22.2;19.0
1737425096;22.2;19.0
1737425111;22.2;19.0
1737425126;22.2;19.0
1737425141;22.2;19.0
1737425157;22.2;19.0
1737425172;22.2;19.0
1737425187;22.2;19.0
1737425202;22.2;19.0
1737425217;22.2;19.0
1737425232;22.2;19.0
1737425247;22.2;19.0
1737425263;22.2;19.0
1737425278;22.2;19.0
1737425293;22.2;19.0
1737425308;22.2;19.0
1737425323;22.2;19.0
1737425338;22.2;19.0
1737425354;22.2;19.0
1737425369;22.2;19.0
1737425384;22.2;19.0
1737425399;22.2;19.0
1737425415;22.2;19.0
1737425430;22.2;19.0
1737425445;22.2;19.0
1737425460;22.2;19.0
1737425475;22.2;19.0
1737425491;22.2;19.0
1737425506;22.2;19.0
1737425521;22.2;19.0
1737425536;22.2;19.0
1737425551;22.2;19.0
1737425567;22.2;19.0
1737425582;22.2;19.0
1737425597;22.2;19.0
1737425612;22.2;19.0
1737425627;22.2;19.0
1737425642;22.2;19.0
1737425658;22.2;19.0
1737425673;22.2;19.0
1737425688;22.2;19.0
1737425706;22.2;19.0
1737425721;22.2;19.0
1737425736;22.2;19.0
1737425751;22.2;19.0
1737425767;22.2;19.0
1737425782;22.2;19.0
1737425797;22.2;19.0
1737425812;22.2;19.0
1737425827;22.2;19.0
1737425842;22.2;19.0
1737425858;22.2;19.0
1737425873;22.2;19.0
1737425888;22.2;19.0
1737425903;22.2;19.0
1737425918;22.2;19.0
1737425934;22.2;19.0
1737425949;22.2;19.0
1737425964;22.2;19.0
1737425979;22.2;19.0
1737425994;22.2;19.0
1737426010;22.2;19.0
1737426025;22.2;19.0
1737426040;22.2;19.0
1737426055;22.2;19.0
1737426070;22.2;19.0
1737426085;22.2;19.0
1737426101;22.2;19.0
1737426118;22.2;19.0
1737426134;22.2;19.0
1737426149;22.2;19.0
1737426164;22.2;19.0
1737426179;22.2;19.0
1737426194;22.2;19.0
1737426210;22.2;19.0
1737426225;22.2;19.0
1737426240;22.2;19.0
1737426255;22.2;19.0
1737426270;22.2;19.0
1737426285;22.2;19.0
1737426301;22.2;19.0
1737426316;22.2;19.0
1737426331;22.2;19.0
1737426346;22.2;19.0
1737426361;22.2;19.0
1737426376;22.2;19.0
1737426392;22.2;19.0
1737426407;22.2;19.0
1737426422;22.2;19.0
1737426437;22.2;19.0
1737426452;22.2;19.0
1737426467;22.2;19.0
1737426483;22.2;19.0
1737426498;22.2;19.0
1737426513;22.2;19.0
1737426528;22.2;19.0
1737426543;22.2;19.0
1737426558;22.2;19.0
1737426574;22.2;19.0
1737426589;22.2;19.0
1737426604;22.2;19.0
1737426619;22.2;19.0
1737426634;22.2;19.0
1737426650;22.2;19.0
1737426665;22.2;19.0
1737426680;22.2;19.0
1737426695;22.2;19.0
1737426710;22.2;19.0
1737426726;22.2;19.0
1737426741;22.2;19.0
1737426756;22.2;19.0
1737426771;22.2;19.0
1737426786;22.2;19.0
1737426802;22.2;19.0
1737426817;22.2;19.0
1737426832;22.2;19.0
1737426847;22.2;19.0
1737426862;22.2;19.0
1737426878;22.2;19.0
1737426893;22.2;19.0
1737426908;22.2;19.0
1737426923;22.2;19.0
1737426938;22.2;19.0
1737426953;22.2;19.0
1737426968;22.2;19.0
1737426984;22.2;19.0
1737426999;22.2;19.0
1737427014;22.2;19.0
1737427029;22.2;19.0
1737427044;22.2;19.0
1737427060;22.2;19.0
1737427075;22.2;19.0
1737427090;22.2;19.0
1737427105;22.2;19.0
1737427121;22.2;19.0
1737427136;22.2;19.0
1737427151;22.2;19.0
1737427166;22.2;19.0
1737427182;22.2;19.0
1737427197;22.2;19.0
1737427212;22.2;19.0
1737427227;22.2;19.0
1737427242;22.2;19.0
1737427258;22.2;19.0
1737427273;22.2;19.0
1737427288;22.2;19.0
1737427303;22.2;19.0
1737427318;22.2;19.0
1737427333;22.2;19.0
1737427349;22.2;19.0
1737427364;22.2;19.0
1737427379;22.2;19.0
1737427394;22.2;19.0
1737427409;22.2;19.0
1737427424;22.2;19.0
1737427440;22.2;19.0
1737427455;22.2;19.0
1737427470;22.2;19.0
1737427485;22.2;19.0
1737427500;22.2;19.0
1737427515;22.2;19.0
1737427531;22.2;19.0
1737427546;22.2;19.0
1737427561;22.2;19.0
1737427576;22.2;19.0
1737427591;22.2;19.0
1737427606;22.2;19.0
1737427622;22.2;19.0
1737427637;22.2;19.0
1737427652;22.2;19.0
1737427670;22.2;19.0
1737427685;22.2;19.0
1737427700;22.2;19.0
1737427715;22.2;19.0
1737427731;22.2;19.0
1737427746;22.2;19.0
1737427761;22.2;19.0
1737427776;22.2;19.0
1737427791;22.2;19.0
1737427807;22.2;19.0
1737427822;22.2;19.0
1737427837;22.2;19.0
1737427852;22.2;19.0
1737427867;22.2;19.0
1737427883;22.2;19.0
1737427898;22.2;19.0
1737427913;22.2;19.0
1737427929;22.2;19.0
1737427944;22.2;19.0
1737427959;22.2;19.0
1737427974;22.2;19.0
1737427989;22.2;19.0
1737428004;22.2;19.0
1737428020;22.2;19.0
1737428035;22.2;19.0
1737428050;22.2;19.0
1737428065;22.2;19.0
1737428080;22.2;19.0
1737428096;22.2;19.0
1737428111;22.2;19.0
1737428126;22.2;19.0
1737428141;22.2;19.0
1737428156;22.2;19.0
1737428171;22.2;19.0
1737428187;22.2;19.0
1737428202;22.2;19.0
1737428217;22.2;19.0
1737428232;22.2;19.0
1737428247;22.2;19.0
1737428263;22.2;19.0
1737428278;22.2;19.0
1737428293;22.2;19.0
1737428308;22.2;19.0
1737428323;22.2;19.0
1737428338;22.2;19.0
1737428354;22.2;19.0
1737428369;22.2;19.0
1737428384;22.2;19.0
1737428399;22.2;19.0
1737428414;22.2;19.0
1737428430;22.2;19.0
1737428445;22.2;19.0
1737428460;22.2;19.0
1737428475;22.2;19.0
1737428490;22.2;19.0
1737428506;22.2;19.0
1737428521;22.2;19.0
1737428536;22.2;19.0
1737428551;22.2;19.0
1737428566;22.2;19.0
1737428581;22.2;19.0
1737428597;22.2;19.0
1737428612;22.2;19.0
1737428627;22.2;19.0
1737428642;22.2;19.0
1737428657;22.2;19.0
1737428673;22.2;19.0
1737428688;22.2;19.0
1737428703;22.2;19.0
1737428718;22.2;19.0
1737428733;22.2;19.0
1737428749;22.2;19.0
1737428764;22.2;19.0
1737428779;22.2;19.0
1737428794;22.2;19.0
1737428809;22.2;19.0
1737428825;22.2;19.0
1737428840;22.2;19.0
1737428855;22.2;19.0
1737428870;22.2;19.0
1737428885;22.2;19.0
1737428900;22.2;19.0
1737428916;22.2;19.0
1737428931;22.2;19.0
1737428946;22.2;19.0
1737428961;22.2;19.0
1737428976;22.2;19.0
1737428991;22.2;19.0
1737429007;22.2;19.0
1737429029;22.2;19.0
1737429042;22.2;19.0
1737429057;22.2;19.0
1737429072;22.2;19.0
1737429087;22.2;19.0
1737429103;22.2;19.0
1737429118;22.2;19.0
1737429133;22.2;19.0
1737429148;22.2;19.0
1737429163;22.2;19.0
1737429178;22.2;19.0
1737429194;22.2;19.0
1737429209;22.2;19.0
1737429224;22.2;19.0
1737429239;22.2;19.0
1737429254;22.2;19.0
1737429269;22.2;19.0
1737429285;22.2;19.0
1737429300;22.2;19.0
1737429315;22.2;19.0
1737429330;22.2;19.0
1737429345;22.2;19.0
1737429361;22.2;19.0
1737429376;22.2;19.0
1737429391;22.2;19.0
1737429406;22.2;19.0
1737429421;22.2;19.0
1737429437;22.2;19.0
1737429455;22.2;19.0
1737429470;22.2;19.0
1737429485;22.2;19.0
1737429500;22.2;19.0
1737429515;22.2;19.0
1737429531;22.2;19.0
1737429546;22.2;19.0
1737429561;22.2;19.0
1737429576;22.2;19.0
1737429591;22.2;19.0
1737429607;22.2;19.0
1737429622;22.2;19.0
1737429637;22.2;19.0
1737429652;22.2;19.0
1737429667;22.2;19.0
1737429683;22.2;19.0
1737429698;22.2;19.0
1737429713;22.2;19.0
1737429728;22.2;19.0
1737429743;22.2;19.0
1737429759;22.2;19.0
1737429774;22.2;19.0
1737429789;22.2;19.0
1737429805;22.2;19.0
1737429822;22.2;19.0
1737429837;22.2;19.0
1737429853;22.2;19.0
1737429868;22.2;19.0
1737429883;22.2;19.0
1737429898;22.2;19.0
1737429913;22.2;19.0
1737429928;22.2;19.0
1737429944;22.2;19.0
1737429959;22.2;19.0
1737429974;22.2;19.0
1737429989;22.2;19.0
1737430004;22.2;19.0
1737430019;22.2;19.0
1737430035;22.2;19.0
1737430050;22.2;19.0
1737430065;22.2;19.0
1737430080;22.2;19.0
1737430095;22.2;19.0
1737430110;22.2;19.0
1737430126;22.2;19.0
1737430141;22.2;19.0
1737430156;22.2;19.0
1737430171;22.2;19.0
1737430186;22.2;19.0
1737430202;22.2;19.0
1737430217;22.2;19.0
1737430232;22.2;19.0
1737430247;22.2;19.0
1737430262;22.2;19.0
1737430277;22.2;19.0
1737430293;22.2;19.0
1737430308;22.2;19.0
1737430323;22.2;19.0
1737430338;22.2;19.0
1737430353;22.2;19.0
1737430369;22.2;19.0
1737430384;22.2;19.0
1737430399;22.2;19.0
1737430414;22.2;19.0
1737430429;22.2;19.0
1737430445;22.2;19.0
1737430460;22.2;19.0
1737430475;22.2;19.0
1737430490;22.2;19.0
1737430505;22.2;19.0
1737430521;22.2;19.0
1737430536;22.2;19.0
1737430551;22.2;19.0
1737430566;22.2;19.0
1737430581;22.2;19.0
1737430597;22.2;19.0
1737430612;22.2;19.0
1737430627;22.2;19.0
1737430642;22.2;19.0
1737430657;22.2;19.0
1737430672;22.2;19.0
1737430688;22.2;19.0
1737430703;22.2;19.0
1737430718;22.2;19.0
1737430733;22.2;19.0
1737430749;22.2;19.0
1737430764;22.2;19.0
1737430779;22.2;19.0
1737430794;22.2;19.0
1737430809;22.2;19.0
1737430824;22.2;19.0
1737430840;22.2;19.0
1737430855;22.2;19.0
1737430870;22.2;19.0
1737430885;22.2;19.0
1737430900;22.2;19.0
1737430916;22.2;19.0
1737430931;22.2;19.0
1737430946;22.2;19.0
1737430961;22.2;19.0
1737430976;22.2;19.0
1737430994;22.2;19.0
1737431009;22.2;19.0
1737431024;22.2;19.0
1737431039;22.2;19.0
1737431057;22.2;19.0
1737431073;22.2;19.0
1737431088;22.2;19.0
1737431103;22.2;19.0
1737431118;22.2;19.0
1737431133;22.2;19.0
1737431149;22.2;19.0
1737431164;22.2;19.0
1737431179;22.2;19.0
1737431194;22.2;19.0
1737431209;22.2;19.0
1737431224;22.2;19.0
1737431240;22.2;19.0
1737431255;22.2;19.0
1737431270;22.2;19.0
1737431285;22.2;19.0
1737431301;22.2;19.0
1737431316;22.2;19.0
1737431331;22.2;19.0
1737431346;22.2;19.0
1737431362;22.2;19.0
1737431377;22.2;19.0
1737431392;22.2;19.0
1737431407;22.2;19.0
1737431422;22.2;19.0
1737431438;22.2;19.0
1737431453;22.2;19.0
1737431468;22.2;19.0
1737431483;22.2;19.0
1737431498;22.2;19.0
1737431513;22.2;19.0
1737431529;22.2;19.0
1737431544;22.2;19.0
1737431559;22.2;19.0
1737431574;22.2;19.0
1737431589;22.2;19.0
1737431605;22.2;19.0
1737431620;22.2;19.0
1737431635;22.2;19.0
1737431650;22.2;19.0
1737431665;22.2;19.0
1737431681;22.2;19.0
1737431696;22.2;19.0
1737431711;22.2;19.0
1737431726;22.2;19.0
1737431741;22.2;19.0
1737431756;22.2;19.0
1737431772;22.2;19.0
1737431787;22.2;19.0
1737431802;22.2;19.0
1737431817;22.2;19.0
1737431832;22.2;19.0
1737431847;22.2;19.0
1737431863;22.2;19.0
1737431878;22.2;19.0
1737431893;22.2;19.0
1737431908;22.2;19.0
1737431923;22.2;19.0
1737431939;22.2;19.0
1737431954;22.2;19.0
1737431969;22.2;19.0
1737431987;22.2;19.0
1737432002;22.2;19.0
1737432017;22.2;19.0
1737432032;22.2;19.0
1737432048;22.2;19.0
1737432063;22.2;19.0
1737432078;22.2;19.0
1737432093;22.2;19.0
1737432109;22.2;19.0
1737432124;22.2;19.0
1737432139;22.2;19.0
1737432154;22.2;19.0
1737432169;22.2;19.0
1737432185;22.2;19.0
1737432200;22.2;19.0
1737432215;22.2;19.0
1737432230;22.2;19.0
1737432245;22.2;19.0
1737432260;22.2;19.0
1737432276;22.2;19.0
1737432291;22.2;19.0
1737432306;22.2;19.0
1737432321;22.2;19.0
1737432336;22.2;19.0
1737432351;22.2;19.0
1737432367;22.2;19.0
1737432382;22.2;19.0
1737432397;22.2;19.0
1737432412;22.2;19.0
1737432427;22.2;19.0
1737432443;22.2;19.0
1737432458;22.2;19.0
1737432473;22.2;19.0
1737432489;22.2;19.0
1737432504;22.2;19.0
1737432519;22.2;19.0
1737432534;22.2;19.0
1737432549;22.2;19.0
1737432564;22.2;19.0
1737432580;22.2;19.0
1737432595;22.2;19.0
1737432610;22.2;19.0
1737432625;22.2;19.0
1737432640;22.2;19.0
1737432656;22.2;19.0
1737432671;22.2;19.0
1737432686;22.2;19.0
1737432701;22.2;19.0
1737432716;22.2;19.0
1737432731;22.2;19.0
1737432747;22.2;19.0
1737432762;22.2;19.0
1737432777;22.2;19.0
1737432792;22.2;19.0
1737432807;22.2;19.0
1737432822;22.2;19.0
1737432838;22.2;19.0
1737432853;22.2;19.0
1737432868;22.2;19.0
1737432883;22.2;19.0
1737432899;22.2;19.0
1737432914;22.2;19.0
1737432929;22.2;19.0
1737432945;22.2;19.0
1737432960;22.2;19.0
1737432975;22.2;19.0
1737432990;22.2;19.0
1737433005;22.2;19.0
1737433020;22.2;19.0
1737433036;22.2;19.0
1737433051;22.2;19.0
1737433066;22.2;19.0
1737433081;22.2;19.0
1737433096;22.2;19.0
1737433111;22.2;19.0
1737433127;22.2;19.0
1737433142;22.2;19.0
1737433157;22.2;19.0
1737433173;22.2;19.0
1737433188;22.2;19.0
1737433203;22.2;19.0
1737433218;22.2;19.0
1737433233;22.2;19.0
1737433248;22.2;19.0
1737433264;22.2;19.0
1737433279;22.2;19.0
1737433294;22.2;19.0
1737433309;22.2;19.0
1737433324;22.2;19.0
1737433339;22.2;19.0
1737433355;22.1;19.0
1737433370;22.0;19.0
1737433385;22.0;19.0
1737433400;22.1;19.0
1737433415;22.1;19.0
1737433431;22.2;19.0
1737433446;22.2;19.0
1737433461;22.2;19.0
1737433476;22.2;19.0
1737433491;22.2;19.0
1737433506;22.2;19.0
1737433522;22.2;19.0
1737433537;22.2;19.0
1737433552;22.2;19.0
1737433567;22.2;19.0
1737433582;22.2;19.0
1737433598;22.2;19.0
1737433613;22.2;19.0
1737433628;22.2;19.0
1737433643;22.2;19.0
1737433658;22.2;19.0
1737433673;22.2;19.0
1737433689;22.2;19.0
1737433704;22.2;19.0
1737433719;22.2;19.0
1737433734;22.2;19.0
1737433750;22.2;19.0
1737433765;22.2;19.0
1737433780;22.2;19.0
1737433795;22.2;19.0
1737433810;22.1;19.0
1737433826;22.1;19.0
1737433841;22.1;19.0
1737433856;22.1;19.0
1737433871;22.1;19.0
1737433886;22.2;19.0
1737433901;22.2;19.0
1737433917;22.2;19.0
1737433934;22.2;19.0
1737433950;22.2;19.0
1737433965;22.2;19.0
1737433980;22.2;19.0
1737433995;22.2;19.0
1737434010;22.2;19.0
1737434026;22.2;19.0
1737434041;22.2;19.0
1737434058;22.2;19.0
1737434073;22.2;19.0
1737434088;22.2;19.0
1737434104;22.2;19.0
1737434119;22.2;19.0
1737434134;22.2;19.0
1737434149;22.2;19.0
1737434164;22.2;19.0
1737434179;22.2;19.0
1737434195;22.2;19.0
1737434210;22.2;19.0
1737434225;22.2;19.0
1737434240;22.2;19.0
1737434255;22.2;19.0
1737434271;22.2;19.0
1737434286;22.2;19.0
1737434301;22.2;19.0
1737434316;22.2;19.0
1737434331;22.2;19.0
1737434346;22.2;19.0
1737434362;22.2;19.0
1737434377;22.2;19.0
1737434392;22.2;19.0
1737434407;22.2;19.0
1737434422;22.2;19.0
1737434438;22.2;19.0
1737434453;22.2;19.0
1737434468;22.2;19.0
1737434486;22.2;19.0
1737434501;22.2;19.0
1737434516;22.2;19.0
1737434532;22.2;19.0
1737434547;22.2;19.0
1737434562;22.2;19.0
1737434577;22.2;19.0
1737434592;22.2;19.0
1737434607;22.2;19.0
1737434623;22.2;19.0
1737434638;22.2;19.0
1737434653;22.2;19.0
1737434670;22.2;19.0
1737434685;22.2;19.0
1737434701;22.2;19.0
1737434716;22.2;19.0
1737434731;22.2;19.0
1737434746;22.2;19.0
1737434761;22.2;19.0
1737434777;22.2;19.0
1737434792;22.2;19.0
1737434807;22.2;19.0
1737434822;22.2;19.0
1737434838;22.2;19.0
1737434853;22.2;19.0
1737434868;22.2;19.0
1737434883;22.2;19.0
1737434898;22.2;19.0
1737434914;22.2;19.0
1737434929;22.2;19.0
1737434949;22.2;19.0
1737434965;22.2;19.0
1737434980;22.2;19.0
1737434995;22.2;19.0
1737435010;22.2;19.0
1737435025;22.2;19.0
1737435040;22.2;19.0
1737435056;22.2;19.0
1737435071;22.2;19.0
1737435086;22.2;19.0
1737435101;22.2;19.0
1737435116;22.2;19.0
1737435132;22.2;19.0
1737435147;22.2;19.0
1737435162;22.2;19.0
1737435177;22.2;19.0
1737435192;22.2;19.0
1737435207;22.2;19.0
1737435223;22.2;19.0
1737435238;22.2;19.0
1737435253;22.2;19.0
1737435268;22.2;19.0
1737435283;22.2;19.0
1737435299;22.2;19.0
1737435314;22.2;19.0
1737435329;22.2;19.0
1737435344;22.2;19.0
1737435359;22.2;19.0
1737435374;22.2;19.0
1737435390;22.2;19.0
1737435405;22.2;19.0
1737435420;22.2;19.0
1737435435;22.2;19.0
1737435450;22.2;19.0
1737435465;22.2;19.0
1737435481;22.2;19.0
1737435496;22.2;19.0
1737435511;22.2;19.0
1737435526;22.2;19.0
1737435541;22.2;19.0
1737435557;22.2;19.0
1737435572;22.2;19.0
1737435587;22.2;19.0
1737435602;22.2;19.0
1737435617;22.2;19.0
1737435632;22.2;19.0
1737435648;22.2;19.0
1737435663;22.2;19.0
1737435678;22.2;19.0
1737435693;22.2;19.0
1737435708;22.2;19.0
1737435723;22.2;19.0
1737435739;22.2;19.0
1737435754;22.2;19.0
1737435769;22.2;19.0
1737435784;22.2;19.0
1737435799;22.2;19.0
1737435814;22.2;19.0
1737435830;22.2;19.0
1737435845;22.2;19.0
1737435860;22.2;19.0
1737435875;22.2;19.0
1737435890;22.2;19.0
1737435906;22.2;19.0
1737435921;22.2;19.0
1737435936;22.2;19.0
1737435951;22.2;19.0
1737435966;22.2;19.0
1737435981;22.2;19.0
1737435997;22.2;19.0
1737436012;22.2;19.0
1737436027;22.2;19.0
1737436042;22.2;19.0
1737436057;22.2;19.0
1737436072;22.2;19.0
1737436088;22.2;19.0
1737436103;22.2;19.0
1737436118;22.2;19.0
1737436133;22.2;19.0
1737436148;22.2;19.0
1737436163;22.2;19.0
1737436179;22.2;19.0
1737436194;22.2;19.0
1737436209;22.2;19.0
1737436224;22.2;19.0
1737436239;22.2;19.0
1737436255;22.2;19.0
1737436270;22.2;19.0
1737436286;22.2;19.0
1737436301;22.2;19.0
1737436316;22.2;19.0
1737436331;22.2;19.0
1737436347;22.2;19.0
1737436362;22.2;19.0
1737436377;22.2;19.0
1737436392;22.2;19.0
1737436407;22.2;19.0
1737436423;22.2;19.0
1737436438;22.2;19.0
1737436453;22.2;19.0
1737436468;22.2;19.0
1737436484;22.2;19.0
1737436499;22.2;19.0
1737436514;22.2;19.0
1737436529;22.2;19.0
1737436544;22.2;19.0
1737436559;22.2;19.0
1737436575;22.2;19.0
1737436590;22.2;19.0
1737436605;22.2;19.0
1737436620;22.2;19.0
1737436635;22.2;19.0
1737436650;22.2;19.0
1737436666;22.2;19.0
1737436681;22.1;19.0
1737436696;22.0;19.0
1737436711;21.9;19.0
1737436726;21.8;19.0
1737436741;21.8;19.0
1737436757;21.8;19.0
1737436772;21.8;19.0
1737436787;21.8;19.0
1737436802;21.8;19.0
1737436817;21.8;19.0
1737436833;21.8;19.0
1737436848;21.8;19.0
1737436863;21.8;19.0
1737436878;21.8;19.0
1737436893;21.8;19.0
1737436909;21.8;19.0
1737436924;21.8;19.0
1737436939;21.8;19.0
1737436954;21.8;19.0
1737436969;21.8;19.0
1737436984;21.8;19.0
1737437000;21.8;19.0
1737437015;21.8;19.0
1737437030;21.8;19.0
1737437045;21.8;19.0
1737437060;21.8;19.0
1737437076;21.8;19.0
1737437091;21.8;19.0
1737437106;21.8;19.0
1737437122;21.8;19.0
1737437137;21.8;19.0
1737437152;21.8;19.0
1737437167;21.8;19.0
1737437182;21.8;19.0
1737437198;21.8;19.0
1737437213;21.8;19.0
1737437228;21.8;19.0
1737437243;21.8;19.0
1737437258;21.8;19.0
1737437274;21.8;19.0
1737437289;21.8;19.0
1737437304;21.8;19.0
1737437319;21.8;19.0
1737437334;21.8;19.0
1737437349;21.8;19.0
1737437365;21.8;19.0
1737437380;21.8;19.0
1737437395;21.8;19.0
1737437410;21.8;19.0
1737437425;21.8;19.0
1737437441;21.8;19.0
1737437456;21.8;19.0
1737437471;21.8;19.0
1737437486;21.8;19.0
1737437502;21.8;19.0
1737437517;21.8;19.0
1737437532;21.8;19.0
1737437547;21.8;19.0
1737437562;21.8;19.0
1737437577;21.8;19.0
1737437593;21.9;19.0
1737437608;21.9;19.0
1737437623;21.9;19.0
1737437638;21.9;19.0
1737437653;21.9;19.0
1737437668;21.8;19.0
1737437684;21.8;19.0
1737437699;21.8;19.0
1737437714;21.9;19.0
1737437729;21.9;19.0
1737437744;22.0;19.0
1737437760;22.0;19.0
1737437775;22.0;19.0
1737437790;22.0;19.0
1737437805;22.1;19.0
1737437820;22.2;19.0
1737437835;22.2;19.0
1737437851;22.2;19.0
1737437866;22.2;19.0
1737437881;22.2;19.0
1737437896;22.2;19.0
1737437911;22.2;19.0
1737437926;22.2;19.0
1737437942;22.2;19.0
1737437957;22.2;19.0
1737437972;22.2;19.0
1737437987;22.2;19.0
1737438003;22.2;19.0
1737438018;22.2;19.0
1737438033;22.2;19.0
1737438048;22.2;19.0
1737438063;22.2;19.0
1737438079;22.2;19.0
1737438094;22.2;19.0
1737438109;22.2;19.0
1737438124;22.2;19.0
1737438139;22.2;19.0
1737438154;22.2;19.0
1737438170;22.2;19.0
1737438185;22.2;19.0
1737438200;22.2;19.0
1737438215;22.2;19.0
1737438233;22.2;19.0
1737438248;22.1;19.0
1737438264;22.2;19.0
1737438279;22.2;19.0
1737438294;22.2;19.0
1737438309;22.2;19.0
1737438324;22.2;19.0
1737438339;22.1;19.0
1737438355;22.1;19.0
1737438370;22.0;19.0
1737438385;21.9;19.0
1737438400;21.8;19.0
1737438415;21.8;19.0
1737438430;21.8;19.0
1737438446;21.8;19.0
1737438461;21.8;19.0
1737438476;21.8;19.0
1737438491;21.8;19.0
1737438506;21.8;19.0
1737438521;21.8;19.0
1737438537;21.8;19.0
1737438552;21.8;19.0
1737438567;21.8;19.0
1737438582;21.8;19.0
1737438597;21.8;19.0
1737438612;21.8;19.0
1737438628;21.8;19.0
1737438643;21.8;19.0
1737438658;21.8;19.0
1737438673;21.8;19.0
1737438688;21.8;19.0
1737438704;21.8;19.0
1737438719;21.8;19.0
1737438734;21.8;19.0
1737438749;21.8;19.0
1737438764;21.8;19.0
1737438780;21.8;19.0
1737438795;21.8;19.0
1737438810;21.8;19.0
1737438825;21.8;19.0
1737438840;21.8;19.0
1737438855;21.8;19.0
1737438871;21.8;19.0
1737438886;21.8;19.0
1737438901;21.8;19.0
1737438916;21.8;19.0
1737438931;21.8;19.0
1737438947;21.8;19.0
1737438962;21.8;19.0
1737438977;21.8;19.0
1737438992;21.8;19.0
1737439007;21.8;19.0
1737439022;21.8;19.0
1737439038;21.8;19.0
1737439053;21.8;19.0
1737439068;21.8;19.0
1737439083;21.8;19.0
1737439098;21.8;19.0
1737439114;21.8;19.0
1737439129;21.8;19.0
1737439144;21.8;19.0
1737439159;21.8;19.0
1737439174;21.8;19.0
1737439190;21.8;19.0
1737439205;21.8;19.0
1737439220;21.8;19.0
1737439235;21.8;19.0
1737439250;21.8;19.0
1737439265;21.8;19.0
1737439281;21.8;19.0
1737439296;21.8;19.0
1737439311;21.8;19.0
1737439327;21.8;19.0
1737439342;21.8;19.0
1737439360;21.8;19.0
1737439375;21.8;19.0
1737439390;21.8;19.0
1737439405;21.8;19.0
1737439420;21.8;19.0
1737439435;21.8;19.0
1737439451;21.8;19.0
1737439466;21.8;19.0
1737439481;21.8;19.0
1737439496;21.8;19.0
1737439511;21.8;19.0
1737439526;21.8;19.0
1737439542;21.8;19.0
1737439557;21.8;19.0
1737439572;21.8;19.0
1737439587;21.8;19.0
1737439602;21.8;19.0
1737439618;21.8;19.0
1737439633;21.8;19.0
1737439648;21.8;19.0
1737439663;21.8;19.0
1737439678;21.8;19.0
1737439693;21.8;19.0
1737439709;21.8;19.0
1737439724;21.8;19.0
1737439739;21.8;19.0
1737439754;21.8;19.0
1737439772;21.8;19.0
1737439788;21.8;19.0
1737439803;21.8;19.0
1737439818;21.8;19.0
1737439833;21.9;19.0
1737439848;21.9;19.0
1737439864;21.9;19.0
1737439879;21.9;19.0
1737439894;22.0;19.0
1737439909;22.0;19.0
1737439924;22.0;19.0
1737439939;22.1;19.0
1737439963;22.1;19.0
1737439975;21.8;19.0
1737439990;21.8;19.0
1737440005;21.9;19.0
1737440021;22.0;19.0
1737440036;22.0;19.0
1737440051;22.1;19.0
1737440066;22.0;19.0
1737440081;21.9;19.0
1737440097;21.9;19.0
1737440112;21.8;19.0
1737440127;21.8;19.0
1737440142;21.9;19.0
1737440157;21.8;19.0
1737440173;21.8;19.0
1737440188;21.8;19.0
1737440205;21.8;19.0
1737440220;21.8;19.0
1737440236;21.8;19.0
1737440251;21.8;19.0
1737440266;21.8;19.0
1737440281;21.8;19.0
1737440297;21.8;19.0
1737440312;21.8;19.0
1737440327;21.8;19.0
1737440342;21.8;19.0
1737440357;21.8;19.0
1737440373;21.8;19.0
1737440390;21.8;19.0
1737440405;21.8;19.0
1737440420;21.8;19.0
1737440436;21.8;19.0
1737440451;21.8;19.0
1737440466;21.8;19.0
1737440481;21.8;19.0
1737440496;21.8;19.0
1737440512;21.8;19.0
1737440527;21.8;19.0
1737440542;21.8;19.0
1737440557;21.8;19.0
1737440572;21.8;19.0
1737440588;21.8;19.0
1737440603;21.8;19.0
1737440618;21.8;19.0
1737440633;21.8;19.0
1737440648;21.8;19.0
1737440664;21.8;19.0
1737440684;21.8;19.0
1737440700;21.8;19.0
1737440715;21.8;19.0
1737440730;21.8;19.0
1737440745;21.8;19.0
1737440761;21.8;19.0
1737440776;21.8;19.0
1737440791;21.8;19.0
1737440806;21.8;19.0
1737440821;21.8;19.0
1737440836;21.8;19.0
1737440852;21.8;19.0
1737440867;21.8;19.0
1737440882;21.8;19.0
1737440897;21.8;19.0
1737440912;21.8;19.0
1737440928;21.8;19.0
1737440943;21.8;19.0
1737440958;21.8;19.0
1737440973;21.8;19.0
1737440989;21.8;19.0
1737441004;21.8;19.0
1737441019;21.8;19.0
1737441034;21.8;19.0
1737441049;21.8;19.0
1737441064;21.8;19.0
1737441080;21.8;19.0
1737441095;21.8;19.0
1737441110;21.8;19.0
1737441125;21.8;19.0
1737441141;21.8;19.0
1737441156;21.8;19.0
1737441171;21.8;19.0
1737441186;21.8;19.0
1737441201;21.8;19.0
1737441216;21.8;19.0
1737441232;21.8;19.0
1737441247;21.8;19.0
1737441262;21.8;19.0
1737441277;21.8;19.0
1737441292;21.8;19.0
1737441308;21.8;19.0
1737441323;21.8;19.0
1737441338;21.8;19.0
1737441353;21.8;19.0
1737441368;21.8;19.0
1737441383;21.8;19.0
1737441399;21.8;19.0
1737441419;21.8;19.0
1737441434;21.8;19.0
1737441449;21.8;19.0
1737441464;21.8;19.0
1737441480;21.8;19.0
1737441495;21.8;19.0
1737441510;21.8;19.0
1737441525;21.8;19.0
1737441540;21.8;19.0
1737441555;21.8;19.0
1737441571;21.8;19.0
1737441586;21.8;19.0
1737441601;21.8;19.0
1737441616;21.8;19.0
1737441631;21.8;19.0
1737441647;21.8;19.0
1737441662;21.8;19.0
1737441677;21.8;19.0
1737441692;21.8;19.0
1737441707;21.8;19.0
1737441723;21.8;19.0
1737441738;21.8;19.0
1737441753;21.8;19.0
1737441768;21.8;19.0
1737441783;21.8;19.0
1737441799;21.8;19.0
1737441814;21.8;19.0
1737441831;21.8;19.0
1737441846;21.8;19.0
1737441861;21.8;19.0
1737441877;21.8;19.0
1737441892;21.8;19.0
1737441907;21.8;19.0
1737441922;21.8;19.0
1737441937;21.8;19.0
1737441956;21.8;19.0
1737441971;21.8;19.0
1737441986;21.8;19.0
1737442001;21.8;19.0
1737442017;21.8;19.0
1737442032;21.8;19.0
1737442047;21.8;19.0
1737442062;21.8;19.0
1737442077;21.8;19.0
1737442093;21.8;19.0
1737442108;21.8;19.0
1737442123;21.8;19.0
1737442138;21.8;19.0
1737442154;21.8;19.0
1737442169;21.8;19.0
1737442184;21.8;19.0
1737442199;21.8;19.0
1737442214;21.8;19.0
1737442229;21.8;19.0
1737442245;21.8;19.0
1737442260;21.8;19.0
1737442275;21.8;19.0
1737442290;21.8;19.0
1737442305;21.8;19.0
1737442321;21.8;19.0
1737442336;21.8;19.0
1737442351;21.8;19.0
1737442366;21.8;19.0
1737442381;21.8;19.0
1737442396;21.8;19.0
1737442412;21.8;19.0
1737442427;21.8;19.0
1737442442;21.8;19.0
1737442457;21.8;19.0
1737442472;21.8;19.0
1737442487;21.8;19.0
1737442503;21.8;19.0
1737442518;21.8;19.0
1737442533;21.8;19.0
1737442548;21.8;19.0
1737442564;21.8;19.0
1737442579;21.8;19.0
1737442594;21.8;19.0
1737442609;21.8;19.0
1737442625;21.8;19.0
1737442640;21.8;19.0
1737442655;21.8;19.0
1737442670;21.8;19.0
1737442685;21.8;19.0
1737442701;21.8;19.0
1737442716;21.8;19.0
1737442731;21.8;19.0
1737442746;21.8;19.0
1737442761;21.8;19.0
1737442776;21.8;19.0
1737442792;21.8;19.0
1737442807;21.8;19.0
1737442822;21.8;19.0
1737442837;21.8;19.0
1737442852;21.8;19.0
1737442867;21.8;19.0
1737442883;21.8;19.0
1737442898;21.8;19.0
1737442913;21.8;19.0
1737442928;21.8;19.0
1737442943;21.8;19.0
1737442958;21.8;19.0
1737442974;21.8;19.0
1737442989;21.8;19.0
1737443004;21.8;19.0
1737443019;21.8;19.0
1737443034;21.8;19.0
1737443049;21.8;19.0
1737443065;21.8;19.0
1737443080;21.8;19.0
1737443095;21.8;19.0
1737443110;21.8;19.0
1737443125;21.8;19.0
1737443141;21.8;19.0
1737443156;21.8;19.0
1737443171;21.8;19.0
1737443186;21.8;19.0
1737443201;21.8;19.0
1737443216;21.8;19.0
1737443232;21.8;19.0
1737443247;21.8;19.0
1737443262;21.8;19.0
1737443277;21.8;19.0
1737443292;21.8;19.0
1737443308;21.8;19.0
1737443323;21.8;19.0
1737443338;21.8;19.0
1737443353;21.8;19.0
1737443368;21.8;19.0
1737443383;21.8;19.0
1737443399;21.8;19.0
1737443414;21.8;19.0
1737443429;21.8;19.0
1737443444;21.8;19.0
1737443459;21.8;19.0
1737443475;21.8;19.0
1737443490;21.8;19.0
1737443505;21.8;19.0
1737443520;21.8;19.0
1737443535;21.8;19.0
1737443551;21.8;19.0
1737443566;21.8;19.0
1737443581;21.8;19.0
1737443596;21.8;19.0
1737443611;21.8;19.0
1737443627;21.8;19.0
1737443642;21.9;19.0
1737443657;21.8;19.0
1737443672;21.8;19.0
1737443687;21.8;19.0
1737443703;21.8;19.0
1737443718;21.8;19.0
1737443733;21.8;19.0
1737443748;21.8;19.0
1737443763;21.8;19.0
1737443779;21.8;19.0
1737443794;21.8;19.0
1737443809;21.8;19.0
1737443824;21.8;19.0
1737443839;21.8;19.0
1737443854;21.8;19.0
1737443870;21.8;19.0
1737443885;21.9;19.0
1737443900;21.8;19.0
1737443915;21.8;19.0
1737443930;21.8;19.0
1737443946;21.8;19.0
1737443961;21.8;19.0
1737443976;21.8;19.0
1737443991;21.8;19.0
1737444006;21.8;19.0
1737444022;21.8;19.0
1737444037;21.8;19.0
1737444052;21.8;19.0
1737444067;21.8;19.0
1737444083;21.8;19.0
1737444098;21.8;19.0
1737444113;21.8;19.0
1737444128;21.8;19.0
1737444143;21.8;19.0
1737444158;21.8;19.0
1737444174;21.8;19.0
1737444189;21.8;19.0
1737444204;21.8;19.0
1737444220;21.8;19.0
1737444235;21.8;19.0
1737444250;21.8;19.0
1737444266;21.8;19.0
1737444281;21.8;19.0
1737444296;21.8;19.0
1737444311;21.8;19.0
1737444327;21.8;19.0
1737444342;21.8;19.0
1737444357;21.8;19.0
1737444372;21.8;19.0
1737444387;21.8;19.0
1737444403;21.8;19.0
1737444418;21.8;19.0
1737444433;21.8;19.0
1737444448;21.8;19.0
1737444463;21.8;19.0
1737444478;21.8;19.0
1737444494;21.8;19.0
1737444509;21.8;19.0
1737444524;21.8;19.0
1737444539;21.8;19.0
1737444554;21.8;19.0
1737444570;21.8;19.0
1737444585;21.8;19.0
1737444600;21.8;19.0
1737444615;21.8;19.0
1737444630;21.8;19.0
1737444645;21.8;19.0
1737444661;21.8;19.0
1737444676;21.8;19.0
1737444691;21.8;19.0
1737444706;21.8;19.0
1737444721;21.8;19.0
1737444737;21.8;19.0
1737444752;21.8;19.0
1737444767;21.9;19.0
1737444782;22.1;19.0
1737444797;22.2;19.0
1737444812;22.2;19.0
1737444828;22.2;19.0
1737444843;22.2;19.0
1737444858;22.2;19.0
1737444873;22.2;19.0
1737444888;22.2;19.0
1737444903;22.2;19.0
1737444919;22.2;19.0
1737444934;22.2;19.0
1737444949;22.2;19.0
1737444964;22.2;19.0
1737444979;22.2;19.0
1737444994;22.2;19.0
1737445010;22.2;19.0
1737445025;22.2;19.0
1737445040;22.2;19.0
1737445055;22.2;19.0
1737445070;22.2;19.0
1737445086;22.2;19.0
1737445101;22.2;19.0
1737445116;22.2;19.0
1737445131;22.2;19.0
1737445146;22.2;19.0
1737445161;22.2;19.0
1737445177;22.2;19.0
1737445192;22.2;19.0
1737445207;22.2;19.0
1737445222;22.2;19.0
1737445237;22.2;19.0
1737445253;22.2;19.0
1737445268;22.2;19.0
1737445283;22.2;19.0
1737445298;22.2;19.0
1737445313;22.2;19.0
1737445328;22.2;19.0
1737445344;22.2;19.0
1737445359;22.2;19.0
1737445374;22.2;19.0
1737445389;22.2;19.0
1737445405;22.2;19.0
1737445420;22.2;19.0
1737445435;22.2;19.0
1737445450;22.2;19.0
1737445465;22.2;19.0
1737445480;22.2;19.0
1737445496;22.2;19.0
1737445511;22.2;19.0
1737445526;22.2;19.0
1737445541;22.2;19.0
1737445556;22.2;19.0
1737445571;22.2;19.0
1737445587;22.2;19.0
1737445602;22.2;19.0
1737445617;22.2;19.0
1737445632;22.2;19.0
1737445647;22.2;19.0
1737445662;22.2;19.0
1737445678;22.2;19.0
1737445693;22.2;19.0
1737445708;22.2;19.0
1737445723;22.2;19.0
1737445738;22.2;19.0
1737445753;22.2;19.0
1737445769;22.2;19.0
1737445784;22.2;19.0
1737445799;22.2;19.0
1737445814;22.2;19.0
1737445829;22.2;19.0
1737445845;22.2;19.0
1737445860;22.2;19.0
1737445875;22.2;19.0
1737445890;22.2;19.0
1737445905;22.2;19.0
1737445921;22.2;19.0
1737445936;22.2;19.0
1737445951;22.2;19.0
1737445966;22.2;19.0
1737445982;22.2;19.0
1737445997;22.2;19.0
1737446012;22.2;19.0
1737446027;22.2;19.0
1737446042;22.2;19.0
1737446058;22.2;19.0
1737446073;22.2;19.0
1737446088;22.2;19.0
1737446103;22.2;19.0
1737446118;22.2;19.0
1737446134;22.2;19.0
1737446149;22.2;19.0
1737446164;22.2;19.0
1737446179;22.2;19.0
1737446194;22.2;19.0
1737446210;22.2;19.0
1737446225;22.2;19.0
1737446243;22.2;19.0
1737446258;22.2;19.0
1737446273;22.2;19.0
1737446289;22.2;19.0
1737446307;22.2;19.0
1737446322;22.2;19.0
1737446337;22.2;19.0
1737446352;22.2;19.0
1737446367;22.2;19.0
1737446383;22.2;19.0
1737446398;22.2;19.0
1737446413;22.2;19.0
1737446428;22.2;19.0
1737446443;22.2;19.0
1737446459;22.2;19.0
1737446474;22.2;19.0
1737446489;22.2;19.0
1737446504;22.2;19.0
1737446519;22.2;19.0
1737446534;22.2;19.0
1737446550;22.2;19.0
1737446565;22.2;19.0
1737446580;22.2;19.0
1737446595;22.2;19.0
1737446610;22.2;19.0
1737446625;22.2;19.0
1737446641;22.2;19.0
1737446656;22.2;19.0
1737446671;22.2;19.0
1737446686;22.2;19.0
1737446704;22.2;19.0
1737446720;22.2;19.0
1737446735;22.2;19.0
1737446750;22.2;19.0
1737446765;22.2;19.0
1737446780;22.2;19.0
1737446795;22.2;19.0
1737446811;22.2;19.0
1737446826;22.2;19.0
1737446841;22.2;19.0
1737446856;22.2;19.0
1737446871;22.2;19.0
1737446890;22.2;19.0
1737446905;22.2;19.0
1737446920;22.2;19.0
1737446935;22.2;19.0
1737446950;22.2;19.0
1737446966;22.2;19.0
1737446981;22.2;19.0
1737446996;22.2;19.0
1737447011;22.2;19.0
1737447026;22.2;19.0
1737447042;22.2;19.0
1737447057;22.2;19.0
1737447072;22.2;19.0
1737447087;22.2;19.0
1737447103;22.2;19.0
1737447118;22.2;19.0
1737447133;22.2;19.0
1737447148;22.2;19.0
1737447163;22.2;19.0
1737447178;22.2;19.0
1737447194;22.2;19.0
1737447209;22.2;19.0
1737447224;22.2;19.0
1737447239;22.2;19.0
1737447254;22.2;19.0
1737447270;22.2;19.0
1737447285;22.2;19.0
1737447300;22.2;19.0
1737447315;22.2;19.0
1737447330;22.2;19.0
1737447346;22.2;19.0
1737447361;22.2;19.0
1737447376;22.2;19.0
1737447391;22.2;19.0
1737447406;22.2;19.0
1737447422;22.2;19.0
1737447437;22.2;19.0
1737447452;22.2;19.0
1737447467;22.2;19.0
1737447482;22.2;19.0
1737447498;22.2;19.0
1737447513;22.2;19.0
1737447528;22.2;19.0
1737447543;22.2;19.0
1737447558;22.2;19.0
1737447574;22.2;19.0
1737447589;22.2;19.0
1737447604;22.2;19.0
1737447619;22.2;19.0
1737447634;22.2;19.0
1737447649;22.2;19.0
1737447665;22.2;19.0
1737447680;22.2;19.0
1737447695;22.2;19.0
1737447710;22.2;19.0
1737447725;22.2;19.0
1737447740;22.2;19.0
1737447755;22.2;19.0
1737447771;22.2;19.0
1737447786;22.2;19.0
1737447801;22.2;19.0
1737447819;22.2;19.0
1737447834;22.2;19.0
1737447850;22.2;19.0
1737447865;22.2;19.0
1737447880;22.2;19.0
1737447895;22.2;19.0
1737447910;22.2;19.0
1737447925;22.2;19.0
1737447941;22.2;19.0
1737447956;22.2;19.0
1737447971;22.2;19.0
1737447986;22.2;19.0
1737448001;22.2;19.0
1737448016;22.2;19.0
1737448031;22.2;19.0
1737448047;22.2;19.0
1737448062;22.2;19.0
1737448077;22.2;19.0
1737448092;22.2;19.0
1737448107;22.2;19.0
1737448126;22.2;19.0
1737448141;22.2;19.0
1737448156;22.2;19.0
1737448171;22.2;19.0
1737448186;22.2;19.0
1737448202;22.2;19.0
1737448217;22.2;19.0
1737448232;22.2;19.0
1737448247;22.2;19.0
1737448263;22.2;19.0
1737448278;22.2;19.0
1737448293;22.2;19.0
1737448308;22.2;19.0
1737448323;22.2;19.0
1737448338;22.2;19.0
1737448354;22.2;19.0
1737448369;22.2;19.0
1737448384;22.2;19.0
1737448399;22.2;19.0
1737448414;22.2;19.0
1737448432;22.2;19.0
1737448447;22.2;19.0
1737448462;22.2;19.0
1737448477;22.2;19.0
1737448492;22.2;19.0
1737448508;22.2;19.0
1737448523;22.2;19.0
1737448538;22.2;19.0
1737448553;22.2;19.0
1737448568;22.2;19.0
1737448584;22.2;19.0
1737448599;22.2;19.0
1737448618;22.2;19.0
1737448633;22.2;19.0
1737448649;22.2;19.0
1737448664;22.2;19.0
1737448679;22.2;19.0
1737448694;22.2;19.0
1737448709;22.2;19.0
1737448724;22.2;19.0
1737448740;22.2;19.0
1737448755;22.2;19.0
1737448770;22.2;19.0
1737448785;22.2;19.0
1737448800;22.2;19.0
1737448816;22.2;19.0
1737448831;22.2;19.0
1737448846;22.2;19.0
1737448861;22.2;19.0
1737448877;22.2;19.0
1737448892;22.2;19.0
1737448907;22.2;19.0
1737448922;22.2;19.0
1737448937;22.2;19.0
1737448952;22.2;19.0
1737448968;22.2;19.0
1737448983;22.2;19.0
1737448998;22.2;19.0
1737449013;22.2;19.0
1737449028;22.2;19.0
1737449043;22.2;19.0
1737449059;22.2;19.0
1737449074;22.2;19.0
1737449089;22.2;19.0
1737449104;22.2;19.0
1737449119;22.2;19.0
1737449135;22.2;19.0
1737449150;22.2;19.0
1737449165;22.2;19.0
1737449180;22.2;19.0
1737449195;22.2;19.0
1737449211;22.2;19.0
1737449226;22.2;19.0
1737449241;22.2;19.0
1737449256;22.2;19.0
1737449271;22.2;19.0
1737449287;22.2;19.0
1737449302;22.2;19.0
1737449317;22.2;19.0
1737449332;22.2;19.0
1737449347;22.2;19.0
1737449363;22.2;19.0
1737449378;22.2;19.0
1737449393;22.2;19.0
1737449408;22.2;19.0
1737449423;22.2;19.0
1737449439;22.2;19.0
1737449454;22.2;19.0
1737449469;22.2;19.0
1737449484;22.2;19.0
1737449500;22.2;19.0
1737449515;22.2;19.0
1737449530;22.2;19.0
1737449545;22.2;19.0
1737449560;22.2;19.0
1737449575;22.2;19.0
1737449591;22.2;19.0
1737449606;22.2;19.0
1737449621;22.2;19.0
1737449636;22.2;19.0
1737449655;22.2;19.0
1737449670;22.2;19.0
1737449685;22.2;19.0
1737449700;22.2;19.0
1737449715;22.2;19.0
1737449730;22.2;19.0
1737449746;22.2;19.0
1737449761;22.2;19.0
1737449776;22.2;19.0
1737449791;22.2;19.0
1737449806;22.2;19.0
1737449822;22.2;19.0
1737449837;22.2;19.0
1737449852;22.2;19.0
1737449867;22.2;19.0
1737449882;22.2;19.0
1737449897;22.2;19.0
1737449913;22.2;19.0
1737449928;22.2;19.0
1737449943;22.2;19.0
1737449958;22.2;19.0
1737449973;22.2;19.0
1737449989;22.2;19.0
1737450004;22.2;19.0
1737450019;22.2;19.0
1737450034;22.2;19.0
1737450049;22.2;19.0
1737450065;22.2;19.0
1737450080;22.2;19.0
1737450095;22.2;19.0
1737450110;22.2;19.0
1737450125;22.2;19.0
1737450141;22.2;19.0
1737450156;22.2;19.0
1737450171;22.2;19.0
1737450186;22.2;19.0
1737450201;22.2;19.0
1737450216;22.2;19.0
1737450232;22.2;19.0
1737450247;22.2;19.0
1737450262;22.2;19.0
1737450277;22.2;19.0
1737450292;22.2;19.0
1737450307;22.2;19.0
1737450323;22.2;19.0
1737450338;22.2;19.0
1737450353;22.2;19.0
1737450368;22.2;19.0
1737450383;22.2;19.0
1737450399;22.2;19.0
1737450414;22.2;19.0
1737450429;22.2;19.0
1737450444;22.2;19.0
1737450459;22.2;19.0
1737450474;22.2;19.0
1737450490;22.2;19.0
1737450505;22.2;19.0
1737450520;22.2;19.0
1737450535;22.2;19.0
1737450550;22.2;19.0
1737450565;22.2;19.0
1737450581;22.2;19.0
1737450599;22.2;19.0
1737450614;22.2;19.0
1737450629;22.2;19.0
1737450644;22.2;19.0
1737450660;22.2;19.0
1737450675;22.2;19.0
1737450690;22.2;19.0
1737450705;22.2;19.0
1737450720;22.2;19.0
1737450735;22.2;19.0
1737450751;22.2;19.0
1737450766;22.2;19.0
1737450781;22.2;19.0
1737450796;22.2;19.0
1737450811;22.2;19.0
1737450826;22.2;19.0
1737450842;22.2;19.0
1737450857;22.2;19.0
1737450872;22.2;19.0
1737450887;22.2;19.0
1737450902;22.2;19.0
1737450917;22.2;19.0
1737450932;22.2;19.0
1737450948;22.2;19.0
1737450963;22.2;19.0
1737450978;22.2;19.0
1737450993;22.2;19.0
1737451009;22.2;19.0
1737451024;22.2;19.0
1737451039;22.2;19.0
1737451054;22.2;19.0
1737451069;22.2;19.0
1737451085;22.2;19.0
1737451100;22.2;19.0
1737451115;22.2;19.0
1737451130;22.2;19.0
1737451145;22.2;19.0
1737451160;22.2;19.0
1737451176;22.2;19.0
1737451191;22.2;19.0
1737451206;22.2;19.0
1737451221;22.2;19.0
1737451236;22.2;19.0
1737451251;22.2;19.0
1737451267;22.2;19.0
1737451282;22.2;19.0
1737451297;22.2;19.0
1737451312;22.2;19.0
1737451330;22.2;19.0
1737451346;22.2;19.0
1737451361;22.2;19.0
1737451376;22.2;19.0
1737451392;22.2;19.0
1737451407;22.2;19.0
1737451422;22.2;19.0
1737451437;22.2;19.0
1737451452;22.2;19.0
1737451467;22.2;19.0
1737451483;22.2;19.0
1737451498;22.2;19.0
1737451513;22.2;19.0
1737451528;22.2;19.0
1737451543;22.2;19.0
1737451559;22.2;19.0
1737451574;22.2;19.0
1737451589;22.2;19.0
1737451604;22.2;19.0
1737451622;22.2;19.0
1737451637;22.2;19.0
1737451652;22.2;19.0
1737451668;22.2;19.0
1737451683;22.2;19.0
1737451698;22.2;19.0
1737451713;22.2;19.0
1737451729;22.2;19.0
1737451744;22.2;19.0
1737451759;22.2;19.0
1737451774;22.2;19.0
1737451789;22.2;19.0
1737451805;22.2;19.0
1737451820;22.2;19.0
1737451835;22.2;19.0
1737451850;22.2;19.0
1737451865;22.2;19.0
1737451881;22.2;19.0
1737451896;22.2;19.0
1737451911;22.2;19.0
1737451926;22.2;19.0
1737451941;22.2;19.0
1737451956;22.2;19.0
1737451972;22.2;19.0
1737451987;22.2;19.0
1737452002;22.2;19.0
1737452018;22.2;19.0
1737452033;22.2;19.0
1737452048;22.2;19.0
1737452063;22.2;20.0
1737452079;22.2;20.0
1737452094;22.2;20.0
1737452109;22.2;20.0
1737452124;22.2;20.0
1737452139;22.2;20.0
1737452154;22.2;20.0
1737452180;22.2;20.0
1737452193;22.2;20.0
1737452208;22.2;20.0
1737452223;22.2;20.0
1737452238;22.2;20.0
1737452253;22.2;20.0
1737452268;22.2;20.0
1737452284;22.2;20.0
1737452299;22.2;20.0
1737452314;22.2;20.0
1737452329;22.2;20.0
1737452344;22.2;20.0
1737452360;22.2;20.0
1737452375;22.2;20.0
1737452390;22.2;21.0
1737452405;22.2;21.0
1737452420;22.3;21.0
1737452436;22.2;21.0
1737452451;22.3;21.0
1737452466;22.2;21.0
1737452481;22.2;21.0
1737452496;22.3;21.0
1737452511;22.3;21.0
1737452527;22.3;21.0
1737452542;22.4;22.0
1737452557;22.5;22.0
1737452572;22.6;22.0
1737452587;22.6;22.0
1737452602;22.6;22.0
1737452618;22.6;23.0
1737452633;22.6;23.0
1737452648;22.6;23.0
1737452663;22.6;23.0
1737452678;22.6;23.0
1737452693;22.6;23.0
1737452709;22.6;23.0
1737452724;22.6;23.0
1737452739;22.5;23.0
1737452754;22.5;23.0
1737452769;22.6;23.0
1737452788;22.6;23.0
1737452803;22.2;23.0
1737452818;22.3;23.0
1737452833;22.3;23.0
1737452848;22.3;23.0
1737452864;22.3;23.0
1737452879;22.2;23.0
1737452894;22.3;23.0
1737452909;22.3;23.0
1737452924;22.2;23.0
1737452939;22.3;23.0
1737452955;22.3;23.0
1737452970;22.2;23.0
1737452985;22.3;23.0
1737453000;22.2;23.0
1737453015;22.2;23.0
1737453030;22.2;23.0
1737453046;22.2;23.0
1737453061;22.2;23.0
1737453076;22.2;23.0
1737453091;22.2;23.0
1737453106;22.2;23.0
1737453121;22.2;23.0
1737453137;22.2;23.0
1737453152;22.2;23.0
1737453167;22.2;23.0
1737453182;22.2;23.0
1737453197;22.2;23.0
1737453213;22.2;23.0
1737453228;22.2;23.0
1737453243;22.2;23.0
1737453258;22.2;23.0
1737453273;22.2;23.0
1737453289;22.2;23.0
1737453304;22.2;23.0
1737453319;22.2;23.0
1737453334;22.2;23.0
1737453349;22.2;23.0
1737453365;22.2;23.0
1737453380;22.2;23.0
1737453395;22.2;23.0
1737453410;22.2;23.0
1737453425;22.2;23.0
1737453440;22.2;23.0
1737453456;22.2;23.0
1737453471;22.2;23.0
1737453486;22.2;23.0
1737453501;22.2;23.0
1737453516;22.2;23.0
1737453537;22.2;23.0
1737453552;22.2;23.0
1737453567;22.2;23.0
1737453582;22.2;23.0
1737453597;22.2;23.0
1737453612;22.2;23.0
1737453628;22.2;23.0
1737453643;22.2;23.0
1737453658;22.2;23.0
1737453673;22.2;23.0
1737453689;22.2;23.0
1737453704;22.2;23.0
1737453719;22.2;23.0
1737453734;22.2;23.0
1737453750;22.2;23.0
1737453765;22.2;23.0
1737453780;22.2;23.0
1737453795;22.2;23.0
1737453810;22.2;23.0
1737453826;22.2;23.0
1737453841;22.2;23.0
1737453856;22.2;23.0
1737453871;22.2;23.0
1737453887;22.2;23.0
1737453902;22.2;23.0
1737453917;22.2;23.0
1737453932;22.2;23.0
1737453947;22.2;23.0
1737453963;22.2;23.0
1737453978;22.2;23.0
1737453993;22.2;23.0
1737454008;22.2;23.0
1737454024;22.2;23.0
1737454039;22.2;23.0
1737454054;22.2;23.0
1737454069;22.2;23.0
1737454087;22.2;23.0
1737454102;22.2;23.0
1737454117;22.2;23.0
1737454133;22.2;23.0
1737454148;22.2;23.0
1737454163;22.2;23.0
1737454178;22.2;23.0
1737454193;22.2;23.0
1737454209;22.2;23.0
1737454224;22.2;23.0
1737454239;22.2;23.0
1737454254;22.2;23.0
1737454269;22.2;23.0
1737454284;22.2;23.0
1737454299;22.2;23.0
1737454315;22.2;23.0
1737454330;22.2;23.0
1737454345;22.2;23.0
1737454360;22.2;23.0
1737454375;22.2;23.0
1737454390;22.2;23.0
1737454406;22.2;23.0
1737454421;22.2;23.0
1737454436;22.2;23.0
1737454451;22.2;23.0
1737454466;22.2;23.0
1737454481;22.2;23.0
1737454497;22.2;23.0
1737454512;22.2;23.0
1737454527;22.2;23.0
1737454542;22.2;23.0
1737454558;22.2;23.0
1737454573;22.2;23.0
1737454588;22.2;23.0
1737454603;22.2;23.0
1737454618;22.2;23.0
1737454633;22.2;23.0
1737454649;22.2;23.0
1737454664;22.2;23.0
1737454679;22.2;23.0
1737454694;22.2;23.0
1737454709;22.2;23.0
1737454724;22.2;23.0
1737454740;22.2;23.0
1737454755;22.2;23.0
1737454770;22.2;23.0
1737454785;22.2;23.0
1737454800;22.2;23.0
1737454816;22.2;23.0
1737454831;22.2;23.0
1737454846;22.2;23.0
1737454861;22.2;23.0
1737454876;22.2;23.0
1737454891;22.2;23.0
1737454907;22.2;23.0
1737454922;22.2;23.0
1737454937;22.2;23.0
1737454952;22.2;23.0
1737454967;22.2;23.0
1737454982;22.2;23.0
1737454998;22.2;23.0
1737455013;22.2;23.0
1737455028;22.2;23.0
1737455043;22.2;23.0
1737455058;22.2;23.0
1737455074;22.2;23.0
1737455089;22.2;23.0
1737455104;22.2;23.0
1737455119;22.2;23.0
1737455134;22.2;23.0
1737455149;22.2;23.0
1737455165;22.2;23.0
1737455180;22.2;23.0
1737455196;22.2;23.0
1737455211;22.2;23.0
1737455226;22.2;23.0
1737455241;22.2;23.0
1737455256;22.2;23.0
1737455274;22.2;23.0
1737455290;22.2;23.0
1737455305;22.2;23.0
1737455326;22.2;23.0
1737455340;22.2;23.0
1737455361;22.2;23.0
1737455377;22.2;23.0
1737455392;22.2;23.0
1737455407;22.2;23.0
1737455442;22.2;23.0
1737455457;22.2;23.0
1737455473;22.2;23.0
1737455488;22.2;23.0
1737455503;22.2;23.0
1737455521;22.2;23.0
1737455536;22.2;23.0
1737455551;22.2;23.0
1737455566;22.2;23.0
1737455581;22.2;23.0
1737455597;22.2;23.0
1737455612;22.2;23.0
1737455627;22.2;23.0
1737455642;22.2;23.0
1737455657;22.2;23.0
1737455673;22.2;23.0
1737455688;22.2;23.0
1737455710;22.2;23.0
1737455723;22.2;23.0
1737455738;22.2;23.0
1737455753;22.2;23.0
1737455768;22.2;23.0
1737455784;22.2;23.0
1737455799;22.2;23.0
1737455814;22.2;23.0
1737455829;22.2;23.0
1737455844;22.2;23.0
1737455859;22.2;23.0
1737455875;22.2;23.0
1737455890;22.2;23.0
1737455905;22.2;23.0
1737455920;22.2;23.0
1737455935;22.2;23.0
1737455950;22.2;23.0
1737455966;22.2;23.0
1737455981;22.2;23.0
1737455996;22.2;23.0
1737456012;22.2;23.0
1737456027;22.2;23.0
1737456042;22.2;23.0
1737456057;22.2;23.0
1737456075;22.2;23.0
1737456090;22.2;23.0
1737456105;22.2;23.0
1737456120;22.2;23.0
1737456136;22.2;23.0
1737456151;22.2;23.0
1737456166;22.2;23.0
1737456181;22.2;23.0
1737456196;22.2;23.0
1737456211;22.2;23.0
1737456227;22.2;23.0
1737456242;22.2;23.0
1737456257;22.2;23.0
1737456272;22.2;23.0
1737456287;22.2;23.0
1737456305;22.2;23.0
1737456320;22.2;23.0
1737456335;22.2;22.0
1737456351;22.2;23.0
1737456366;22.2;22.0
1737456381;22.2;22.0
1737456396;22.2;22.0
1737456411;22.2;22.0
1737456427;22.2;22.0
1737456442;22.2;22.0
1737456457;22.2;22.0
1737456472;22.2;22.0
1737456487;22.2;22.0
1737456503;22.2;22.0
1737456518;22.2;22.0
1737456533;22.2;22.0
1737456548;22.2;22.0
1737456563;22.2;22.0
1737456579;22.2;22.0
1737456594;22.2;22.0
1737456609;22.2;22.0
1737456624;22.2;22.0
1737456639;22.2;22.0
1737456654;22.2;22.0
1737456670;22.2;22.0
1737456685;22.2;22.0
1737456700;22.2;22.0
1737456715;22.2;22.0
1737456730;22.2;22.0
1737456746;22.2;22.0
1737456761;22.2;22.0
1737456776;22.2;22.0
1737456791;22.2;22.0
1737456806;22.2;22.0
1737456822;22.2;22.0
1737456837;22.2;22.0
1737456852;22.2;22.0
1737456867;22.2;21.0
1737456882;22.2;21.0
1737456897;22.2;22.0
1737456913;22.2;21.0
1737456928;22.2;21.0
1737456943;22.2;21.0
1737456958;22.2;21.0
1737456973;22.2;21.0
1737456988;22.2;21.0
1737457004;22.2;21.0
1737457019;22.2;22.0
1737457037;22.2;22.0
1737457052;22.2;22.0
1737457067;22.2;22.0
1737457083;22.2;22.0
1737457098;22.2;22.0
1737457113;22.2;22.0
1737457128;22.2;22.0
1737457143;22.2;22.0
1737457159;22.2;22.0
1737457174;22.2;22.0
1737457189;22.2;22.0
1737457204;22.2;22.0
1737457219;22.2;22.0
1737457234;22.2;22.0
1737457250;22.2;22.0
1737457265;22.2;22.0
1737457280;22.2;22.0
1737457295;22.2;22.0
1737457310;22.2;23.0
1737457325;22.2;23.0
1737457341;22.2;23.0
1737457356;22.2;23.0
1737457371;22.2;23.0
1737457386;22.2;23.0
1737457401;22.2;23.0
1737457417;22.2;23.0
1737457432;22.2;23.0
1737457447;22.2;23.0
1737457462;22.2;23.0
1737457480;22.2;23.0
1737457495;22.2;23.0
1737457511;22.2;23.0
1737457526;22.2;23.0
1737457541;22.2;23.0
1737457556;22.2;23.0
1737457571;22.2;23.0
1737457586;22.2;23.0
1737457604;22.2;23.0
1737457619;22.2;23.0
1737457634;22.2;23.0
1737457649;22.2;23.0
1737457664;22.2;23.0
1737457680;22.2;23.0
1737457695;22.2;23.0
1737457710;22.2;23.0
1737457725;22.2;23.0
1737457740;22.2;23.0
1737457755;22.2;23.0
1737457771;22.2;23.0
1737457786;22.2;23.0
1737457801;22.2;23.0
1737457816;22.2;23.0
1737457831;22.2;23.0
1737457846;22.2;23.0
1737457862;22.2;23.0
1737457877;22.2;23.0
1737457892;22.2;23.0
1737457913;22.2;23.0
1737457927;22.2;23.0
1737457943;22.2;23.0
1737457958;22.2;23.0
1737457973;22.2;23.0
1737457988;22.2;23.0
1737458003;22.2;23.0
1737458019;22.2;23.0
1737458034;22.2;23.0
1737458049;22.2;23.0
1737458064;22.2;22.0
1737458079;22.2;22.0
1737458095;22.2;22.0
1737458110;22.2;22.0
1737458125;22.2;22.0
1737458140;22.2;22.0
1737458155;22.2;22.0
1737458171;22.2;22.0
1737458186;22.2;22.0
1737458201;22.2;22.0
1737458216;22.2;22.0
1737458231;22.2;22.0
1737458247;22.2;22.0
1737458262;22.2;22.0
1737458277;22.2;22.0
1737458292;22.2;22.0
1737458307;22.2;22.0
1737458323;22.2;22.0
1737458338;22.2;22.0
1737458353;22.2;22.0
1737458368;22.2;22.0
1737458383;22.2;22.0
1737458399;22.2;22.0
1737458414;22.2;22.0
1737458429;22.2;22.0
1737458444;22.2;21.0
1737458459;22.2;21.0
1737458475;22.2;21.0
1737458490;22.2;21.0
1737458505;22.2;22.0
1737458520;22.2;21.0
1737458535;22.2;21.0
1737458551;22.2;22.0
1737458566;22.2;21.0
1737458581;22.2;21.0
1737458596;22.2;21.0
1737458611;22.2;21.0
1737458627;22.2;21.0
1737458642;22.2;21.0
1737458657;22.2;21.0
1737458672;22.2;21.0
1737458687;22.2;21.0
1737458702;22.2;21.0
1737458718;22.2;21.0
1737458733;22.2;21.0
1737458748;22.2;21.0
1737458763;22.2;21.0
1737458778;22.2;21.0
1737458794;22.2;21.0
1737458809;22.2;21.0
1737458824;22.2;21.0
1737458839;22.2;21.0
1737458855;22.2;21.0
1737458870;22.2;21.0
1737458885;22.2;21.0
1737458900;22.2;21.0
1737458915;22.2;21.0
1737458931;22.2;21.0
1737458946;22.2;21.0
1737458961;22.2;21.0
1737458976;22.2;21.0
1737458992;22.2;21.0
1737459007;22.2;21.0
1737459022;22.2;21.0
1737459037;22.2;21.0
1737459052;22.2;21.0
1737459068;22.2;21.0
1737459083;22.2;21.0
1737459098;22.2;21.0
1737459113;22.2;21.0
1737459129;22.2;21.0
1737459144;22.2;21.0
1737459159;22.2;21.0
1737459174;22.2;21.0
1737459189;22.2;21.0
1737459205;22.2;21.0
1737459220;22.2;21.0
1737459235;22.2;21.0
1737459250;22.2;21.0
1737459268;22.2;21.0
1737459283;22.2;20.0
1737459298;22.2;21.0
1737459314;22.2;20.0
1737459329;22.2;21.0
1737459344;22.2;21.0
1737459359;22.2;21.0
1737459374;22.2;20.0
1737459390;22.2;21.0
1737459405;22.2;20.0
1737459420;22.2;20.0
1737459435;22.2;20.0
1737459450;22.2;20.0
1737459466;22.2;20.0
1737459481;22.2;20.0
1737459496;22.2;20.0
1737459511;22.2;20.0
1737459526;22.2;20.0
1737459542;22.2;20.0
1737459557;22.2;20.0
1737459572;22.2;20.0
1737459587;22.2;20.0
1737459602;22.2;20.0
1737459617;22.2;20.0
1737459633;22.2;20.0
1737459648;22.2;20.0
1737459663;22.2;20.0
1737459678;22.2;20.0
1737459693;22.2;20.0
1737459709;22.2;20.0
1737459724;22.2;20.0
1737459739;22.2;20.0
1737459754;22.2;20.0
1737459769;22.2;20.0
1737459784;22.2;20.0
1737459800;22.2;20.0
1737459818;22.2;20.0
1737459833;22.2;20.0
1737459848;22.2;20.0
1737459863;22.2;20.0
1737459878;22.2;20.0
1737459893;22.2;20.0
1737459909;22.2;20.0
1737459924;22.2;20.0
1737459939;22.2;20.0
1737459954;22.2;20.0
1737459969;22.2;20.0
1737459984;22.2;20.0
1737460000;22.2;20.0
1737460015;22.2;20.0
1737460030;22.2;20.0
1737460045;22.2;20.0
1737460060;22.2;20.0
1737460075;22.2;20.0
1737460091;22.2;20.0
1737460106;22.2;20.0
1737460121;22.2;20.0
1737460136;22.2;20.0
1737460151;22.2;20.0
1737460167;22.2;20.0
1737460184;22.2;20.0
1737460199;22.2;20.0
1737460214;22.2;20.0
1737460229;22.2;20.0
1737460245;22.2;20.0
1737460260;22.2;20.0
1737460275;22.2;20.0
1737460293;22.2;20.0
1737460308;22.2;20.0
1737460323;22.2;20.0
1737460338;22.2;20.0
1737460353;22.2;20.0
1737460369;22.2;20.0
1737460384;22.2;20.0
1737460399;22.2;20.0
1737460414;22.2;20.0
1737460430;22.2;20.0
1737460445;22.2;20.0
1737460460;22.2;20.0
1737460475;22.2;20.0
1737460490;22.2;20.0
1737460506;22.2;20.0
1737460521;22.2;20.0
1737460536;22.2;20.0
1737460551;22.2;20.0
1737460566;22.2;20.0
1737460582;22.2;20.0
1737460597;22.2;20.0
1737460612;22.2;20.0
1737460627;22.2;20.0
1737460642;22.2;20.0
1737460657;22.2;20.0
1737460673;22.2;20.0
1737460688;22.2;20.0
1737460703;22.2;20.0
1737460718;22.2;20.0
1737460733;22.2;20.0
1737460748;22.2;20.0
1737460764;22.2;20.0
1737460779;22.2;20.0
1737460794;22.2;20.0
1737460809;22.2;20.0
1737460824;22.2;20.0
1737460840;22.2;20.0
1737460855;22.2;20.0
1737460870;22.2;20.0
1737460885;22.2;20.0
1737460900;22.2;20.0
1737460916;22.2;20.0
1737460931;22.2;20.0
1737460946;22.2;20.0
1737460961;22.2;20.0
1737460980;22.2;20.0
1737460995;22.2;20.0
1737461010;22.2;20.0
1737461026;22.2;20.0
1737461041;22.2;20.0
1737461056;22.2;20.0
1737461071;22.2;20.0
1737461086;22.2;20.0
1737461101;22.2;20.0
1737461117;22.2;20.0
1737461132;22.2;20.0
1737461147;22.2;20.0
1737461162;22.2;20.0
1737461177;22.2;20.0
1737461193;22.2;20.0
1737461208;22.2;20.0
1737461223;22.2;20.0
1737461238;22.2;20.0
1737461253;22.2;20.0
1737461269;22.2;20.0
1737461284;22.2;20.0
1737461299;22.2;20.0
1737461314;22.2;20.0
1737461330;22.2;20.0
1737461345;22.2;20.0
1737461360;22.2;20.0
1737461375;22.2;20.0
1737461390;22.2;20.0
1737461406;22.2;20.0
1737461421;22.2;20.0
1737461436;22.2;20.0
1737461451;22.2;20.0
1737461466;22.2;20.0
1737461481;22.2;20.0
1737461496;22.2;20.0
1737461512;22.2;20.0
1737461527;22.2;20.0
1737461542;22.2;20.0
1737461557;22.2;20.0
1737461572;22.2;20.0
1737461588;22.2;20.0
1737461603;22.2;20.0
1737461618;22.2;20.0
1737461633;22.2;20.0
1737461648;22.2;20.0
1737461663;22.2;20.0
1737461679;22.2;20.0
1737461694;22.2;20.0
1737461709;22.2;20.0
1737461724;22.2;20.0
1737461740;22.2;20.0
1737461755;22.2;20.0
1737461770;22.2;20.0
1737461785;22.2;20.0
1737461800;22.2;20.0
1737461815;22.2;20.0
1737461831;22.2;20.0
1737461846;22.2;20.0
1737461861;22.2;20.0
1737461876;22.2;19.0
1737461891;22.2;20.0
1737461906;22.2;19.0
1737461922;22.2;19.0
1737461937;22.2;19.0
1737461952;22.2;19.0
1737461967;22.2;19.0
1737461982;22.2;19.0
1737461998;22.2;19.0
1737462013;22.2;19.0
1737462028;22.2;19.0
1737462043;22.2;19.0
1737462058;22.2;19.0
1737462073;22.2;19.0
1737462091;22.2;19.0
1737462106;22.2;19.0
1737462121;22.2;19.0
1737462137;22.2;19.0
1737462152;22.2;19.0
1737462167;22.2;19.0
1737462182;22.2;19.0
1737462197;22.2;20.0
1737462212;22.2;19.0
1737462228;22.2;19.0
1737462243;22.2;19.0
1737462258;22.2;19.0
1737462273;22.2;20.0
1737462289;22.2;19.0
1737462304;22.2;19.0
1737462319;22.2;19.0
1737462334;22.2;19.0
1737462349;22.2;20.0
1737462365;22.2;20.0
1737462385;22.2;20.0
1737462400;22.2;20.0
1737462415;22.2;20.0
1737462430;22.2;20.0
1737462446;22.2;20.0
1737462461;22.2;20.0
1737462476;22.2;20.0
1737462491;22.2;20.0
1737462507;22.2;20.0
1737462522;22.2;20.0
1737462537;22.2;20.0
1737462558;22.2;20.0
1737462573;22.2;20.0
1737462588;22.2;20.0
1737462603;22.2;20.0
1737462619;22.2;20.0
1737462634;22.2;20.0
1737462649;22.2;20.0
1737462664;22.2;20.0
1737462679;22.2;20.0
1737462694;22.2;20.0
1737462710;22.2;20.0
1737462725;22.2;20.0
1737462740;22.2;20.0
1737462755;22.2;20.0
1737462770;22.2;20.0
1737462786;22.2;20.0
1737462801;22.2;20.0
1737462816;22.2;20.0
1737462831;22.2;20.0
1737462846;22.2;20.0
1737462862;22.2;20.0
1737462877;22.2;20.0
1737462892;22.2;20.0
1737462907;22.2;20.0
1737462922;22.2;20.0
1737462937;22.2;20.0
1737462953;22.2;20.0
1737462968;22.2;20.0
1737462983;22.2;20.0
1737462998;22.2;20.0
1737463013;22.2;20.0
1737463028;22.2;20.0
1737463044;22.2;20.0
1737463059;22.2;20.0
1737463074;22.2;20.0
1737463089;22.2;20.0
1737463104;22.2;20.0
1737463120;22.2;20.0
1737463135;22.2;20.0
1737463150;22.2;20.0
1737463165;22.2;20.0
1737463180;22.2;20.0
1737463196;22.2;20.0
1737463211;22.2;20.0
1737463226;22.2;20.0
1737463241;22.2;20.0
1737463256;22.2;20.0
1737463272;22.2;20.0
1737463287;22.2;20.0
1737463302;22.2;20.0
1737463317;22.2;20.0
1737463332;22.2;20.0
1737463348;22.2;20.0
1737463363;22.2;20.0
1737463378;22.2;20.0
1737463393;22.2;20.0
1737463408;22.2;20.0
1737463424;22.2;20.0
1737463439;22.2;20.0
1737463454;22.2;20.0
1737463469;22.2;20.0
1737463485;22.2;20.0
1737463500;22.2;20.0
1737463515;22.2;20.0
1737463530;22.2;20.0
1737463545;22.2;20.0
1737463560;22.2;20.0
1737463576;22.2;20.0
1737463591;22.2;20.0
1737463606;22.2;20.0
1737463621;22.2;20.0
1737463636;22.2;20.0
1737463652;22.2;20.0
1737463667;22.2;20.0
1737463682;22.2;20.0
1737463697;22.2;20.0
1737463712;22.2;20.0
1737463727;22.2;20.0
1737463743;22.2;20.0
1737463758;22.2;20.0
1737463773;22.2;20.0
1737463788;22.2;20.0
1737463803;22.2;20.0
1737463819;22.2;20.0
1737463834;22.2;20.0
1737463849;22.2;20.0
1737463864;22.2;20.0
1737463879;22.2;20.0
1737463895;22.2;20.0
1737463910;22.2;20.0
1737463925;22.2;20.0
1737463940;22.2;20.0
1737463955;22.2;20.0
1737463970;22.2;20.0
1737463986;22.2;20.0
1737464001;22.2;20.0
1737464016;22.2;20.0
1737464031;22.2;20.0
1737464046;22.2;20.0
1737464061;22.2;20.0
1737464077;22.2;20.0
1737464092;22.2;20.0
1737464107;22.2;20.0
1737464122;22.2;20.0
1737464140;22.2;20.0
1737464155;22.2;20.0
1737464170;22.2;20.0
1737464185;22.2;20.0
1737464201;22.2;20.0
1737464216;22.2;20.0
1737464231;22.2;20.0
1737464246;22.2;20.0
1737464261;22.2;20.0
1737464276;22.2;20.0
1737464292;22.2;20.0
1737464307;22.2;20.0
1737464322;22.2;20.0
1737464337;22.2;20.0
1737464352;22.2;20.0
1737464368;22.2;20.0
1737464383;22.2;20.0
1737464398;22.2;20.0
1737464416;22.2;20.0
1737464431;22.2;20.0
1737464447;22.2;20.0
1737464462;22.2;20.0
1737464477;22.2;20.0
1737464492;22.2;20.0
1737464507;22.2;20.0
1737464522;22.2;20.0
1737464537;22.2;20.0
1737464553;22.2;20.0
1737464568;22.2;20.0
1737464583;22.2;20.0
1737464598;22.2;20.0
1737464613;22.2;20.0
1737464629;22.2;20.0
1737464644;22.2;20.0
1737464659;22.2;20.0
1737464674;22.2;20.0
1737464689;22.2;20.0
1737464705;22.2;20.0
1737464720;22.2;20.0
1737464735;22.2;20.0
1737464750;22.2;20.0
1737464765;22.2;20.0
1737464780;22.2;20.0
1737464796;22.2;20.0
1737464811;22.2;20.0
1737464826;22.2;20.0
1737464841;22.2;20.0
1737464856;22.2;20.0
1737464872;22.2;20.0
1737464887;22.2;20.0
1737464902;22.2;20.0
1737464917;22.2;20.0
1737464932;22.2;20.0
1737464947;22.2;20.0
1737464963;22.2;20.0
1737464978;22.2;20.0
1737464993;22.2;20.0
1737465008;22.2;20.0
1737465023;22.2;20.0
1737465038;22.2;20.0
1737465057;22.2;20.0
1737465072;22.2;20.0
1737465087;22.2;20.0
1737465102;22.2;20.0
1737465117;22.2;20.0
1737465132;22.2;20.0
1737465149;22.2;20.0
1737465164;22.2;20.0
1737465180;22.2;20.0
1737465195;22.2;20.0
1737465211;22.2;20.0
1737465226;22.2;20.0
1737465241;22.2;20.0
1737465256;22.2;20.0
1737465271;22.2;20.0
1737465286;22.2;20.0
1737465302;22.2;20.0
1737465317;22.2;20.0
1737465332;22.2;20.0
1737465347;22.2;20.0
1737465362;22.2;20.0
1737465377;22.2;20.0
1737465393;22.2;20.0
1737465408;22.2;20.0
1737465423;22.2;20.0
1737465438;22.2;20.0
1737465453;22.2;20.0
1737465469;22.2;20.0
1737465484;22.2;20.0
1737465499;22.2;20.0
1737465514;22.2;20.0
1737465529;22.2;20.0
1737465544;22.2;20.0
1737465560;22.2;20.0
1737465575;22.2;20.0
1737465590;22.2;20.0
1737465605;22.2;20.0
1737465620;22.2;20.0
1737465635;22.2;20.0
1737465651;22.2;20.0
1737465666;22.2;20.0
1737465681;22.2;20.0
1737465696;22.2;20.0
1737465711;22.2;20.0
1737465726;22.2;20.0
1737465742;22.2;20.0
1737465757;22.2;20.0
1737465772;22.2;20.0
1737465787;22.2;20.0
1737465802;22.2;20.0
1737465817;22.2;20.0
1737465833;22.2;20.0
1737465848;22.2;20.0
1737465863;22.2;20.0
1737465878;22.2;20.0
1737465893;22.2;20.0
1737465908;22.2;20.0
1737465924;22.2;20.0
1737465939;22.2;20.0
1737465954;22.2;20.0
1737465969;22.2;20.0
1737465984;22.2;20.0
1737465999;22.2;20.0
1737466015;22.2;20.0
1737466030;22.2;20.0
1737466045;22.2;20.0
1737466060;22.2;20.0
1737466076;22.2;20.0
1737466091;22.2;20.0
1737466106;22.2;20.0
1737466121;22.2;20.0
1737466136;22.2;20.0
1737466152;22.2;20.0
1737466167;22.2;20.0
1737466182;22.2;20.0
1737466197;22.2;20.0
1737466213;22.2;20.0
1737466228;22.2;20.0
1737466243;22.2;20.0
1737466258;22.2;20.0
1737466273;22.2;20.0
1737466291;22.2;20.0
1737466307;22.2;20.0
1737466322;22.2;20.0
1737466337;22.2;20.0
1737466353;22.2;20.0
1737466368;22.2;20.0
1737466383;22.2;20.0
1737466398;22.2;20.0
1737466413;22.2;20.0
1737466429;22.2;20.0
1737466444;22.2;20.0
1737466459;22.2;20.0
1737466474;22.2;20.0
1737466489;22.2;20.0
1737466504;22.2;20.0
1737466520;22.2;20.0
1737466535;22.2;20.0
1737466550;22.2;20.0
1737466565;22.2;20.0
1737466580;22.2;20.0
1737466596;22.2;20.0
1737466611;22.2;20.0
1737466626;22.2;20.0
1737466641;22.2;20.0
1737466656;22.2;20.0
1737466671;22.2;20.0
1737466687;22.2;20.0
1737466702;22.2;20.0
1737466720;22.2;20.0
1737466735;22.2;20.0
1737466750;22.2;20.0
1737466765;22.2;20.0
1737466780;22.2;20.0
1737466796;22.2;20.0
1737466811;22.2;20.0
1737466826;22.2;20.0
1737466841;22.2;20.0
1737466856;22.2;20.0
1737466872;22.2;20.0
1737466887;22.2;20.0
1737466902;22.2;20.0
1737466917;22.2;20.0
1737466932;22.2;20.0
1737466947;22.2;20.0
1737466963;22.2;20.0
1737466978;22.2;20.0
1737466993;22.2;20.0
1737467008;22.2;20.0
1737467024;22.2;20.0
1737467039;22.2;20.0
1737467054;22.2;20.0
1737467069;22.2;20.0
1737467084;22.2;20.0
1737467099;22.2;20.0
1737467115;22.2;20.0
1737467130;22.2;20.0
1737467145;22.2;20.0
1737467160;22.2;19.0
1737467176;22.2;19.0
1737467191;22.2;19.0
1737467206;22.2;19.0
1737467221;22.2;19.0
1737467236;22.2;19.0
1737467251;22.2;19.0
1737467267;22.2;19.0
1737467282;22.2;19.0
1737467297;22.2;19.0
1737467312;22.2;19.0
1737467327;22.2;19.0
1737467342;22.2;19.0
1737467358;22.2;19.0
1737467373;22.2;19.0
1737467388;22.2;19.0
1737467403;22.2;19.0
1737467418;22.2;19.0
1737467434;22.2;19.0
1737467449;22.2;19.0
1737467464;22.2;19.0
1737467479;22.2;19.0
1737467494;22.2;19.0
1737467510;22.2;19.0
1737467525;22.2;19.0
1737467540;22.2;19.0
1737467555;22.2;19.0
1737467570;22.2;19.0
1737467586;22.2;19.0
1737467601;22.2;19.0
1737467616;22.2;19.0
1737467631;22.2;19.0
1737467646;22.2;19.0
1737467662;22.2;19.0
1737467677;22.2;19.0
1737467692;22.2;19.0
1737467707;22.2;19.0
1737467722;22.2;19.0
1737467737;22.2;19.0
1737467753;22.2;19.0
1737467768;22.2;19.0
1737467783;22.2;19.0
1737467798;22.2;19.0
1737467813;22.2;19.0
1737467828;22.2;19.0
1737467844;22.2;19.0
1737467859;22.2;19.0
1737467874;22.2;19.0
1737467889;22.2;19.0
1737467904;22.2;19.0
1737467919;22.2;19.0
1737467935;22.2;19.0
1737467950;22.2;19.0
1737467965;22.2;19.0
1737467980;22.2;19.0
1737467995;22.2;19.0
1737468011;22.2;19.0
1737468026;22.2;19.0
1737468041;22.2;19.0
1737468056;22.2;19.0
1737468071;22.2;19.0
1737468086;22.2;19.0
1737468102;22.2;19.0
1737468117;22.2;19.0
1737468132;22.2;19.0
1737468147;22.2;19.0
1737468162;22.2;19.0
1737468177;22.2;19.0
1737468193;22.2;19.0
1737468208;22.2;19.0
1737468223;22.2;19.0
1737468238;22.2;19.0
1737468253;22.2;19.0
1737468269;22.2;19.0
1737468339;22.2;19.0
1737468354;22.2;19.0
1737468370;22.2;19.0
1737468387;22.2;19.0
1737468403;22.2;19.0
1737468418;22.2;19.0
1737468433;22.2;19.0
1737468448;22.2;19.0
1737468463;22.2;19.0
1737468479;22.2;19.0
1737468494;22.2;19.0
1737468509;22.2;19.0
1737468524;22.2;19.0
1737468539;22.2;19.0
1737468554;22.2;19.0
1737468570;22.2;19.0
1737468585;22.2;19.0
1737468600;22.2;19.0
1737468615;22.2;19.0
1737468630;22.2;19.0
1737468645;22.2;19.0
1737468661;22.2;19.0
1737468676;22.2;19.0
1737468691;22.2;19.0
1737468706;22.2;19.0
1737468724;22.2;19.0
1737468739;22.2;19.0
1737468755;22.2;19.0
1737468770;22.2;19.0
1737468785;22.2;19.0
1737468800;22.2;19.0
1737468815;22.2;19.0
1737468830;22.2;19.0
1737468846;22.2;19.0
1737468861;22.2;19.0
1737468876;22.2;19.0
1737468891;22.2;19.0
1737468906;22.2;19.0
1737468921;22.2;19.0
1737468937;22.2;19.0
1737468952;22.2;19.0
1737468967;22.2;19.0
1737468982;22.2;19.0
1737468997;22.2;19.0
1737469013;22.2;19.0
1737469028;22.2;19.0
1737469046;22.2;19.0
1737469061;22.2;19.0
1737469076;22.2;19.0
1737469092;22.2;19.0
1737469107;22.2;19.0
1737469122;22.2;19.0
1737469137;22.2;19.0
1737469152;22.2;19.0
1737469168;22.2;19.0
1737469183;22.2;19.0
1737469198;22.2;19.0
1737469213;22.2;19.0
1737469229;22.2;19.0
1737469244;22.2;19.0
1737469259;22.2;19.0
1737469274;22.2;19.0
1737469290;22.2;19.0
1737469305;22.2;19.0
1737469320;22.2;19.0
1737469335;22.2;19.0
1737469350;22.2;19.0
1737469366;22.2;19.0
1737469381;22.2;19.0
1737469396;22.2;19.0
1737469412;22.2;19.0
1737469427;22.2;19.0
1737469442;22.2;19.0
1737469457;22.2;19.0
1737469473;22.2;19.0
1737469488;22.2;19.0
1737469503;22.2;19.0
1737469518;22.2;19.0
1737469533;22.2;19.0
1737469548;22.2;19.0
1737469564;22.2;19.0
1737469579;22.2;19.0
1737469594;22.2;19.0
1737469609;22.2;19.0
1737469624;22.2;19.0
1737469639;22.2;19.0
1737469655;22.2;19.0
1737469670;22.2;19.0
1737469685;22.2;19.0
1737469700;22.2;19.0
1737469715;22.2;19.0
1737469731;22.2;19.0
1737469746;22.2;19.0
1737469761;22.2;19.0
1737469779;22.2;19.0
1737469795;22.2;19.0
1737469810;22.2;19.0
1737469825;22.2;19.0
1737469840;22.2;19.0
1737469855;22.2;19.0
1737469870;22.2;19.0
1737469886;22.2;19.0
1737469901;22.2;19.0
1737469916;22.2;19.0
1737469931;22.2;19.0
1737469946;22.2;19.0
1737469964;22.2;19.0
1737469979;22.2;19.0
1737469994;22.2;19.0
1737470009;22.2;19.0
1737470025;22.2;19.0
1737470040;22.2;19.0
1737470055;22.2;19.0
1737470070;22.2;19.0
1737470085;22.2;19.0
1737470100;22.2;19.0
1737470115;22.2;19.0
1737470131;22.2;19.0
1737470146;22.2;19.0
1737470161;22.2;19.0
1737470179;22.2;19.0
1737470194;22.2;19.0
1737470209;22.2;19.0
1737470225;22.2;19.0
1737470240;22.2;19.0
1737470255;22.2;19.0
1737470270;22.2;19.0
1737470285;22.2;19.0
1737470303;22.2;19.0
1737470318;22.2;19.0
1737470333;22.2;19.0
1737470348;22.2;19.0
1737470364;22.2;19.0
1737470379;22.2;19.0
1737470394;22.2;19.0
1737470409;22.2;19.0
1737470424;22.2;19.0
1737470439;22.2;19.0
1737470455;22.2;19.0
1737470470;22.2;19.0
1737470485;22.2;19.0
1737470500;22.2;19.0
1737470515;22.2;19.0
1737470530;22.2;19.0
1737470546;22.2;19.0
1737470561;22.2;19.0
1737470576;22.2;19.0
1737470591;22.2;19.0
1737470606;22.2;19.0
1737470622;22.2;19.0
1737470637;22.2;19.0
1737470652;22.2;19.0
1737470667;22.2;19.0
1737470683;22.2;19.0
1737470698;22.2;19.0
1737470713;22.2;19.0
1737470728;22.2;19.0
1737470743;22.2;19.0
1737470759;22.2;19.0
1737470774;22.2;19.0
1737470789;22.2;19.0
1737470804;22.2;19.0
1737470819;22.2;19.0
1737470834;22.2;19.0
1737470850;22.2;19.0
1737470865;22.2;19.0
1737470880;22.2;19.0
1737470895;22.2;19.0
1737470913;22.2;19.0
1737470928;22.2;19.0
1737470943;22.2;19.0
1737470959;22.2;19.0
1737470974;22.2;19.0
1737470989;22.2;19.0
1737471004;22.2;19.0
1737471019;22.2;19.0
1737471035;22.2;19.0
1737471050;22.2;19.0
1737471065;22.2;19.0
1737471080;22.2;19.0
1737471096;22.2;19.0
1737471111;22.2;19.0
1737471126;22.2;19.0
1737471141;22.2;19.0
1737471156;22.2;19.0
1737471171;22.2;19.0
1737471187;22.2;19.0
1737471202;22.2;19.0
1737471217;22.2;19.0
1737471232;22.2;19.0
1737471247;22.2;19.0
1737471262;22.2;19.0
1737471278;22.2;19.0
1737471293;22.2;19.0
1737471308;22.2;19.0
1737471323;22.2;19.0
1737471338;22.2;19.0
1737471354;22.2;19.0
1737471369;22.2;19.0
1737471384;22.2;19.0
1737471399;22.2;19.0
1737471414;22.2;19.0
1737471429;22.2;19.0
1737471445;22.2;19.0
1737471460;22.2;19.0
1737471475;22.2;19.0
1737471490;22.2;19.0
1737471505;22.2;19.0
1737471520;22.2;19.0
1737471536;22.2;19.0
1737471551;22.2;19.0
1737471566;22.2;19.0
1737471581;22.2;19.0
1737471596;22.2;19.0
1737471614;22.2;19.0
1737471630;22.2;19.0
1737471645;22.2;19.0
1737471660;22.2;19.0
1737471675;22.2;19.0
1737471690;22.2;19.0
1737471705;22.2;19.0
1737471721;22.2;19.0
1737471736;22.2;19.0
1737471751;22.2;19.0
1737471766;22.2;19.0
1737471781;22.2;19.0
1737471796;22.2;19.0
1737471812;22.2;19.0
1737471827;22.2;19.0
1737471842;22.2;19.0
1737471857;22.2;19.0
1737471872;22.2;19.0
1737471887;22.2;19.0
1737471903;22.2;19.0
1737471918;22.2;19.0
1737471933;22.2;19.0
1737471948;22.2;19.0
1737471963;22.2;19.0
1737471978;22.2;19.0
1737471994;22.2;19.0
1737472009;22.2;19.0
1737472024;22.2;19.0
1737472039;22.2;19.0
1737472054;22.2;19.0
1737472070;22.2;19.0
1737472085;22.2;19.0
1737472100;22.2;19.0
1737472115;22.2;19.0
1737472130;22.2;19.0
1737472146;22.2;19.0
1737472161;22.2;19.0
1737472176;22.2;19.0
1737472191;22.2;19.0
1737472207;22.2;19.0
1737472222;22.2;19.0
1737472237;22.2;19.0
1737472252;22.2;19.0
1737472267;22.2;19.0
1737472282;22.2;19.0
1737472298;22.2;19.0
1737472313;22.2;19.0
1737472328;22.2;19.0
1737472343;22.2;19.0
1737472358;22.2;19.0
1737472374;22.2;19.0
1737472389;22.2;19.0
1737472404;22.2;19.0
1737472419;22.2;19.0
1737472434;22.2;19.0
1737472449;22.2;19.0
1737472464;22.2;19.0
1737472480;22.2;19.0
1737472495;22.2;19.0
1737472510;22.2;19.0
1737472525;22.2;19.0
1737472540;22.2;19.0
1737472555;22.2;19.0
1737472571;22.2;19.0
1737472586;22.2;19.0
1737472601;22.2;19.0
1737472616;22.2;19.0
1737472631;22.2;19.0
1737472647;22.2;19.0
1737472662;22.2;19.0
1737472677;22.2;19.0
1737472692;22.2;19.0
1737472707;22.2;19.0
1737472722;22.2;19.0
1737472738;22.2;19.0
1737472753;22.2;19.0
1737472768;22.2;19.0
1737472783;22.2;19.0
1737472798;22.2;19.0
1737472814;22.2;19.0
1737472829;22.2;19.0
1737472844;22.2;19.0
1737472859;22.2;19.0
1737472874;22.2;19.0
1737472889;22.2;19.0
1737472904;22.2;19.0
1737472920;22.2;19.0
1737472935;22.2;19.0
1737472950;22.2;19.0
1737472965;22.2;19.0
1737472980;22.2;19.0
1737472996;22.2;19.0
1737473011;22.2;19.0
1737473026;22.2;19.0
1737473041;22.2;19.0
1737473056;22.2;19.0
1737473071;22.2;19.0
1737473087;22.2;19.0
1737473102;22.2;19.0
1737473117;22.2;19.0
1737473132;22.2;19.0
1737473147;22.2;19.0
1737473162;22.2;19.0
1737473177;22.2;19.0
1737473193;22.2;19.0
1737473208;22.2;19.0
1737473223;22.2;19.0
1737473238;22.2;19.0
1737473253;22.2;19.0
1737473268;22.2;19.0
1737473284;22.2;19.0
1737473299;22.2;19.0
1737473314;22.2;19.0
1737473329;22.2;19.0
1737473344;22.2;19.0
1737473360;22.2;19.0
1737473375;22.2;19.0
1737473410;22.2;19.0
1737473425;22.2;19.0
1737473440;22.2;19.0
1737473455;22.2;19.0
1737473471;22.2;19.0
1737473486;22.2;19.0
1737473501;22.2;19.0
1737473519;22.2;19.0
1737473534;22.2;19.0
1737473549;22.2;19.0
1737473565;22.2;19.0
1737473580;22.2;19.0
1737473595;22.2;19.0
1737473610;22.2;19.0
1737473625;22.2;19.0
1737473641;22.2;19.0
1737473656;22.2;19.0
1737473671;22.2;19.0
1737473686;22.2;19.0
1737473701;22.2;19.0
1737473717;22.2;19.0
1737473732;22.2;19.0
1737473747;22.2;19.0
1737473762;22.2;19.0
1737473777;22.2;19.0
1737473792;22.2;19.0
1737473807;22.2;19.0
1737473823;22.2;19.0
1737473838;22.2;19.0
1737473853;22.2;19.0
1737473868;22.2;19.0
1737473883;22.2;19.0
1737473899;22.2;19.0
1737473914;22.2;19.0
1737473929;22.2;19.0
1737473944;22.2;19.0
1737473959;22.2;19.0
1737473974;22.2;19.0
1737473990;22.2;19.0
1737474005;22.2;19.0
1737474020;22.2;19.0
1737474035;22.2;19.0
1737474050;22.2;19.0
1737474066;22.2;19.0
1737474081;22.2;19.0
1737474096;22.2;19.0
1737474111;22.2;19.0
1737474126;22.2;19.0
1737474141;22.2;19.0
1737474157;22.2;19.0
1737474172;22.2;19.0
1737474187;22.2;19.0
1737474202;22.2;19.0
1737474217;22.2;19.0
1737474233;22.2;19.0
1737474248;22.2;19.0
1737474263;22.2;19.0
1737474278;22.2;19.0
1737474293;22.2;19.0
1737474308;22.2;19.0
1737474324;22.2;19.0
1737474339;22.2;19.0
1737474354;22.2;19.0
1737474369;22.2;19.0
1737474384;22.2;19.0
1737474399;22.2;19.0
1737474415;22.2;19.0
1737474430;22.2;19.0
1737474445;22.2;19.0
1737474460;22.2;19.0
1737474475;22.2;19.0
1737474490;22.2;19.0
1737474506;22.2;19.0
1737474521;22.2;19.0
1737474536;22.2;19.0
1737474551;22.2;19.0
1737474566;22.2;19.0
1737474582;22.2;19.0
1737474597;22.2;19.0
1737474612;22.2;19.0
1737474627;22.2;19.0
1737474642;22.2;19.0
1737474657;22.2;19.0
1737474673;22.2;19.0
1737474688;22.2;19.0
1737474703;22.2;19.0
1737474718;22.2;19.0
1737474733;22.2;19.0
1737474748;22.2;19.0
1737474764;22.2;19.0
1737474779;22.2;19.0
1737474794;22.2;19.0
1737474809;22.2;19.0
1737474825;22.2;19.0
1737474840;22.2;19.0
1737474855;22.2;19.0
1737474870;22.2;19.0
1737474885;22.2;19.0
1737474901;22.2;19.0
1737474916;22.2;19.0
1737474931;22.2;19.0
1737474946;22.2;19.0
1737474961;22.2;19.0
1737474976;22.2;19.0
1737474992;22.2;19.0
1737475007;22.2;19.0
1737475022;22.2;19.0
1737475038;22.2;19.0
1737475053;22.2;19.0
1737475068;22.2;19.0
1737475083;22.2;19.0
1737475098;22.2;19.0
1737475114;22.2;19.0
1737475129;22.2;19.0
1737475144;22.2;19.0
1737475159;22.2;19.0
1737475174;22.2;19.0
1737475190;22.2;19.0
1737475205;22.2;19.0
1737475220;22.2;19.0
1737475235;22.2;19.0
1737475250;22.2;19.0
1737475266;22.2;19.0
1737475281;22.2;19.0
1737475299;22.2;19.0
1737475314;22.2;19.0
1737475329;22.2;19.0
1737475345;22.2;19.0
1737475360;22.2;19.0
1737475375;22.2;19.0
1737475390;22.2;19.0
1737475405;22.2;19.0
1737475421;22.2;19.0
1737475436;22.2;19.0
1737475451;22.2;19.0
1737475466;22.2;19.0
1737475481;22.2;19.0
1737475496;22.2;19.0
1737475512;22.2;19.0
1737475527;22.2;19.0
1737475542;22.2;19.0
1737475557;22.2;19.0
1737475572;22.2;19.0
1737475587;22.2;19.0
1737475603;22.2;19.0
1737475618;22.2;19.0
1737475633;22.2;19.0
1737475648;22.2;19.0
1737475663;22.2;19.0
1737475678;22.2;19.0
1737475694;22.2;19.0
1737475709;22.2;19.0
1737475724;22.2;19.0
1737475739;22.2;19.0
1737475755;22.2;19.0
1737475770;22.2;19.0
1737475785;22.2;19.0
1737475800;22.2;19.0
1737475815;22.2;19.0
1737475830;22.2;19.0
1737475846;22.2;19.0
1737475861;22.2;19.0
1737475876;22.2;19.0
1737475892;22.2;19.0
1737475907;22.2;19.0
1737475922;22.2;19.0
1737475937;22.2;19.0
1737475952;22.2;19.0
1737475967;22.2;19.0
1737475983;22.2;19.0
1737475998;22.2;19.0
1737476013;22.2;19.0
1737476029;22.2;19.0
1737476044;22.2;19.0
1737476059;22.2;19.0
1737476074;22.2;19.0
1737476090;22.2;19.0
1737476105;22.2;19.0
1737476120;22.2;19.0
1737476135;22.2;19.0
1737476153;22.2;19.0
1737476168;22.2;19.0
1737476183;22.2;19.0
1737476198;22.2;19.0
1737476213;22.2;19.0
1737476229;22.2;19.0
1737476244;22.2;19.0
1737476259;22.2;19.0
1737476274;22.2;19.0
1737476289;22.2;19.0
1737476305;22.2;19.0
1737476320;22.2;19.0
1737476335;22.2;19.0
1737476350;22.2;19.0
1737476365;22.2;19.0
1737476380;22.2;19.0
1737476396;22.2;19.0
1737476411;22.2;19.0
1737476426;22.2;19.0
1737476441;22.2;19.0
1737476456;22.2;19.0
1737476472;22.2;19.0
1737476487;22.2;19.0
1737476502;22.2;19.0
1737476517;22.2;19.0
1737476532;22.2;19.0
1737476548;22.2;19.0
1737476563;22.2;19.0
1737476578;22.2;19.0
1737476593;22.2;19.0
1737476609;22.2;19.0
1737476624;22.2;19.0
1737476639;22.2;19.0
1737476654;22.2;19.0
1737476669;22.2;19.0
1737476685;22.2;19.0
1737476700;22.2;19.0
1737476715;22.2;19.0
1737476730;22.2;19.0
1737476746;22.2;19.0
1737476761;22.2;19.0
1737476776;22.2;19.0
1737476791;22.2;19.0
1737476806;22.2;19.0
1737476822;22.2;19.0
1737476837;22.2;19.0
1737476852;22.2;19.0
1737476867;22.2;19.0
1737476883;22.2;19.0
1737476898;22.2;19.0
1737476913;22.2;19.0
1737476928;22.2;19.0
1737476943;22.2;19.0
1737476959;22.2;19.0
1737476974;22.2;19.0
1737476989;22.2;19.0
1737477004;22.2;19.0
1737477019;22.2;19.0
1737477035;22.2;19.0
1737477050;22.2;19.0
1737477065;22.2;19.0
1737477082;22.2;19.0
1737477097;22.2;19.0
1737477113;22.2;19.0
1737477128;22.2;19.0
1737477143;22.2;19.0
1737477158;22.2;19.0
1737477173;22.2;19.0
1737477189;22.2;19.0
1737477204;22.2;19.0
1737477222;22.2;19.0
1737477237;22.2;19.0
1737477252;22.2;19.0
1737477267;22.2;19.0
1737477283;22.2;19.0
1737477298;22.2;19.0
1737477313;22.2;19.0
1737477328;22.2;19.0
1737477343;22.2;19.0
1737477358;22.2;19.0
1737477374;22.2;19.0
1737477389;22.2;19.0
1737477404;22.2;19.0
1737477419;22.2;19.0
1737477434;22.2;19.0
1737477449;22.2;19.0
1737477465;22.2;19.0
1737477480;22.2;19.0
1737477495;22.2;19.0
1737477510;22.2;19.0
1737477525;22.2;19.0
1737477540;22.2;19.0
1737477556;22.2;19.0
1737477571;22.2;19.0
1737477586;22.2;19.0
1737477601;22.2;19.0
1737477616;22.2;19.0
1737477631;22.2;19.0
1737477647;22.2;19.0
1737477662;22.2;19.0
1737477677;22.2;19.0
1737477692;22.2;19.0
1737477707;22.2;19.0
1737477722;22.2;19.0
1737477738;22.2;19.0
1737477753;22.2;19.0
1737477768;22.2;19.0
1737477784;22.2;19.0
1737477799;22.2;19.0
1737477814;22.2;19.0
1737477829;22.2;19.0
1737477844;22.2;19.0
1737477860;22.2;19.0
1737477875;22.2;19.0
1737477890;22.2;19.0
1737477905;22.2;19.0
1737477920;22.2;19.0
1737477935;22.2;19.0
1737477951;22.2;19.0
1737477966;22.2;19.0
1737477981;22.2;19.0
1737477996;22.2;19.0
1737478011;22.2;19.0
1737478027;22.2;19.0
1737478042;22.2;19.0
1737478057;21.8;19.0
1737478072;21.8;19.0
1737478087;21.8;19.0
1737478103;21.8;19.0
1737478118;21.8;18.0
1737478133;21.8;18.0
1737478148;21.8;18.0
1737478163;21.8;18.0
1737478179;21.8;18.0
1737478194;21.8;18.0
1737478209;21.8;18.0
1737478224;21.8;18.0
1737478240;21.8;18.0
1737478255;21.8;18.0
1737478270;21.8;18.0
1737478285;21.8;18.0
1737478300;21.7;18.0
1737478316;21.4;18.0
1737478331;21.4;18.0
1737478346;21.4;17.0
1737478361;21.4;17.0
1737478376;21.4;17.0
1737478392;21.4;17.0
1737478407;21.4;17.0
1737478422;21.4;17.0
1737478437;21.4;17.0
1737478453;21.4;17.0
1737478468;21.4;18.0
1737478483;21.4;18.0
1737478498;21.4;19.0
1737478513;21.4;19.0
1737478529;21.4;19.0
1737478544;21.8;19.0
1737478559;21.8;19.0
1737478577;21.8;19.0
1737478592;21.8;19.0
1737478608;21.8;19.0
1737478623;21.8;19.0
1737478641;21.8;19.0
1737478656;21.8;19.0
1737478671;21.8;19.0
1737478686;21.8;19.0
1737478702;22.0;19.0
1737478717;22.2;19.0
1737478732;22.2;19.0
1737478747;22.2;19.0
1737478763;22.2;19.0
1737478778;22.2;19.0
1737478793;22.2;19.0
1737478808;22.2;19.0
1737478824;22.2;19.0
1737478839;22.2;19.0
1737478854;22.2;19.0
1737478869;22.2;19.0
1737478884;22.2;19.0
1737478900;22.2;19.0
1737478915;22.2;19.0
1737478930;22.2;19.0
1737478945;22.2;19.0
1737478960;22.2;19.0
1737478976;22.2;19.0
1737478991;22.2;19.0
1737479006;22.2;19.0
1737479021;22.3;19.0
1737479036;22.5;19.0
1737479054;22.6;19.0
1737479069;22.6;19.0
1737479084;22.6;19.0
1737479099;22.6;19.0
1737479114;22.6;19.0
1737479130;22.6;19.0
1737479145;22.6;19.0
1737479160;22.6;19.0
1737479175;22.6;19.0
1737479191;22.6;19.0
1737479206;22.6;19.0
1737479221;22.6;19.0
1737479239;22.6;19.0
1737479254;22.6;19.0
1737479270;22.6;19.0
1737479285;22.6;19.0
1737479300;22.6;19.0
1737479315;22.6;19.0
1737479330;22.6;19.0
1737479346;22.6;19.0
1737479361;22.6;19.0
1737479376;22.6;19.0
1737479391;22.6;19.0
1737479406;22.6;19.0
1737479422;22.6;19.0
1737479437;22.6;19.0
1737479452;22.6;19.0
1737479467;22.6;19.0
1737479482;22.6;19.0
1737479498;22.6;19.0
1737479513;22.6;19.0
1737479529;22.8;19.0
1737479544;23.0;19.0
1737479559;23.0;19.0
1737479575;23.0;19.0
1737479590;23.0;19.0
1737479605;23.0;19.0
1737479620;23.0;19.0
1737479635;23.0;19.0
1737479651;23.0;19.0
1737479666;23.0;19.0
1737479681;23.0;19.0
1737479696;23.0;19.0
1737479711;23.0;19.0
1737479727;23.0;19.0
1737479742;23.0;19.0
1737479757;23.0;19.0
1737479772;23.0;19.0
1737479787;23.0;19.0
1737479802;23.0;19.0
1737479818;23.0;19.0
1737479836;23.0;19.0
1737479852;23.0;19.0
1737479867;23.0;19.0
1737479882;23.0;19.0
1737479897;23.0;19.0
1737479912;23.0;19.0
1737479927;23.0;19.0
1737479943;23.0;19.0
1737479958;23.0;19.0
1737479973;23.0;19.0
1737479988;23.0;19.0
1737480003;23.0;19.0
1737480019;23.4;19.0
1737480034;23.4;19.0
1737480049;23.4;19.0
1737480064;23.4;19.0
1737480079;23.4;19.0
1737480095;23.4;19.0
1737480110;23.4;19.0
1737480125;23.4;19.0
1737480140;23.4;19.0
1737480155;23.4;19.0
1737480171;23.4;19.0
1737480186;23.4;19.0
1737480201;23.4;19.0
1737480216;23.4;19.0
1737480231;23.4;19.0
1737480246;23.4;19.0
1737480262;23.4;19.0
1737480277;23.4;19.0
1737480292;23.4;19.0
1737480307;23.4;19.0
1737480323;23.4;19.0
1737480338;23.4;19.0
1737480353;23.4;19.0
1737480368;23.4;19.0
1737480383;23.4;19.0
1737480402;23.4;19.0
1737480417;23.4;19.0
1737480432;23.4;19.0
1737480447;23.4;19.0
1737480462;23.4;19.0
1737480477;23.4;19.0
1737480493;23.4;19.0
1737480508;23.4;19.0
1737480523;23.4;19.0
1737480538;23.4;19.0
1737480553;23.4;19.0
1737480569;23.4;19.0
1737480584;23.4;19.0
1737480599;23.4;19.0
1737480615;23.4;19.0
1737480630;23.4;19.0
1737480645;23.4;19.0
1737480660;23.4;19.0
1737480675;23.4;19.0
1737480690;23.4;19.0
1737480706;23.4;19.0
1737480721;23.4;19.0
1737480736;23.4;19.0
1737480751;23.4;19.0
1737480766;23.4;19.0
1737480782;23.4;19.0
1737480797;23.4;19.0
1737480812;23.4;19.0
1737480827;23.4;19.0
1737480843;23.4;19.0
1737480858;23.4;19.0
1737480873;23.4;19.0
1737480888;23.4;19.0
1737480903;23.4;19.0
1737480919;23.4;19.0
1737480934;23.4;19.0
1737480949;23.4;19.0
1737480964;23.4;19.0
1737480979;23.4;19.0
1737480995;23.4;19.0
1737481010;23.4;19.0
1737481025;23.4;19.0
1737481040;23.4;19.0
1737481056;23.4;19.0
1737481071;23.4;19.0
1737481086;23.4;19.0
1737481101;23.4;19.0
1737481116;23.4;19.0
1737481131;23.4;19.0
1737481147;23.4;19.0
1737481162;23.4;19.0
1737481177;23.4;19.0
1737481197;23.4;19.0
1737481212;23.4;19.0
1737481231;23.4;19.0
1737481246;23.4;19.0
1737481261;23.4;19.0
1737481276;23.4;19.0
1737481292;23.4;19.0
1737481307;23.4;19.0
1737481322;23.4;19.0
1737481337;23.4;19.0
1737481352;23.5;19.0
1737481368;23.6;19.0
1737481383;23.7;19.0
1737481398;23.8;19.0
1737481413;23.8;19.0
1737481428;23.8;19.0
1737481444;23.8;19.0
1737481459;23.8;19.0
1737481474;23.8;19.0
1737481489;23.8;19.0
1737481504;23.8;19.0
1737481520;23.8;19.0
1737481535;23.8;19.0
1737481550;23.8;19.0
1737481568;23.8;19.0
1737481583;23.8;19.0
1737481601;23.8;19.0
1737481617;23.8;19.0
1737481632;23.8;19.0
1737481647;23.8;19.0
1737481662;23.8;19.0
1737481678;23.8;19.0
1737481693;23.8;19.0
1737481708;23.8;19.0
1737481723;23.8;19.0
1737481738;23.8;19.0
1737481754;23.8;19.0
1737481769;23.8;19.0
1737481784;23.8;19.0
1737481799;23.8;19.0
1737481814;23.8;19.0
1737481830;23.8;19.0
1737481845;23.8;19.0
1737481860;23.8;19.0
1737481875;23.8;19.0
1737481890;23.8;19.0
1737481906;23.8;19.0
1737481921;23.8;19.0
1737481936;23.8;19.0
1737481951;23.8;19.0
1737481966;23.8;19.0
1737481982;23.8;19.0
1737481997;23.8;19.0
1737482012;23.8;19.0
1737482027;23.8;19.0
1737482042;23.8;19.0
1737482058;23.8;19.0
1737482073;23.8;19.0
1737482088;23.8;19.0
1737482103;23.8;19.0
1737482118;23.8;19.0
1737482133;23.8;19.0
1737482149;23.8;19.0
1737482164;23.8;19.0
1737482179;23.8;19.0
1737482194;23.8;19.0
1737482209;23.8;19.0
1737482225;23.8;19.0
1737482240;23.8;19.0
1737482255;23.8;18.0
1737482270;23.8;18.0
1737482285;23.4;18.0
1737482300;23.4;17.0
1737482316;23.4;17.0
1737482331;23.1;17.0
1737482346;23.0;17.0
1737482361;23.0;17.0
1737482376;23.0;17.0
1737482392;23.0;17.0
1737482407;22.6;17.0
1737482422;22.6;17.0
1737482437;22.6;17.0
1737482452;22.6;17.0
1737482467;22.6;17.0
1737482483;22.5;17.0
1737482498;22.2;17.0
1737482516;22.2;17.0
1737482531;22.2;17.0
1737482547;22.2;17.0
1737482562;22.2;17.0
1737482577;22.2;17.0
1737482592;22.2;17.0
1737482607;22.0;17.0
1737482623;21.8;17.0
1737482638;21.8;17.0
1737482653;21.8;17.0
1737482668;21.8;17.0
1737482683;21.8;17.0
1737482698;21.8;17.0
1737482714;21.8;17.0
1737482729;21.8;17.0
1737482744;21.8;17.0
1737482759;21.8;17.0
1737482774;21.8;17.0
1737482790;21.8;17.0
1737482805;21.8;17.0
1737482820;21.8;17.0
1737482835;21.8;17.0
1737482850;21.7;17.0
1737482866;21.5;17.0
1737482881;21.4;17.0
1737482896;21.4;17.0
1737482911;21.4;17.0
1737482926;21.4;17.0
1737482941;21.4;17.0
1737482957;21.4;17.0
1737482972;21.5;17.0
1737482987;21.4;17.0
1737483002;21.4;17.0
1737483017;21.4;17.0
1737483033;21.4;17.0
1737483048;21.4;17.0
1737483063;21.5;17.0
1737483078;21.8;17.0
1737483093;21.8;17.0
1737483109;21.8;17.0
1737483124;21.8;17.0
1737483142;21.8;17.0
1737483157;21.8;17.0
1737483173;21.8;17.0
1737483188;21.8;17.0
1737483203;21.6;17.0
1737483218;21.5;17.0
1737483233;21.5;17.0
1737483248;21.4;17.0
1737483264;21.4;17.0
1737483279;21.4;17.0
1737483294;21.4;17.0
1737483309;21.4;17.0
1737483324;21.4;17.0
1737483339;21.4;17.0
1737483355;21.4;17.0
1737483370;21.4;17.0
1737483385;21.4;17.0
1737483400;21.4;17.0
1737483415;21.4;17.0
1737483430;21.4;17.0
1737483446;21.4;17.0
1737483461;21.4;17.0
1737483476;21.4;17.0
1737483491;21.4;17.0
1737483515;21.4;17.0
1737483526;21.4;17.0
1737483542;21.4;17.0
1737483558;21.4;17.0
1737483573;21.4;17.0
1737483588;21.4;17.0
1737483603;21.4;17.0
1737483618;21.4;17.0
1737483633;21.4;17.0
1737483649;21.4;17.0
1737483664;21.4;17.0
1737483679;21.4;17.0
1737483694;21.4;17.0
1737483709;21.4;17.0
1737483725;21.4;17.0
1737483742;21.4;17.0
1737483757;21.4;17.0
1737483772;21.4;17.0
1737483787;21.4;17.0
1737483802;21.4;17.0
1737483823;21.4;17.0
1737483837;21.4;17.0
1737483853;21.4;17.0
1737483868;21.4;17.0
1737483883;21.4;17.0
1737483898;21.4;17.0
1737483914;21.4;17.0
1737483929;21.4;17.0
1737483944;21.4;17.0
1737483959;21.4;17.0
1737483974;21.4;17.0
1737483990;21.4;17.0
1737484005;21.4;17.0
1737484020;21.4;17.0
1737484035;21.4;17.0
1737484050;21.4;17.0
1737484065;21.4;17.0
1737484081;21.4;17.0
1737484096;21.4;17.0
1737484111;21.4;17.0
1737484126;21.4;17.0
1737484141;21.4;17.0
1737484156;21.4;17.0
1737484172;21.4;17.0
1737484189;21.4;17.0
1737484204;21.4;17.0
1737484219;21.4;17.0
1737484234;21.4;17.0
1737484250;21.8;17.0
1737484265;21.8;17.0
1737484280;21.8;18.0
1737484295;21.8;18.0
1737484310;21.8;18.0
1737484326;21.8;18.0
1737484341;21.8;18.0
1737484356;21.8;18.0
1737484371;21.8;18.0
1737484386;21.8;19.0
1737484402;21.8;19.0
1737484417;21.8;19.0
1737484432;22.2;19.0
1737484447;22.2;19.0
1737484463;22.2;19.0
1737484478;22.2;19.0
1737484493;22.2;19.0
1737484508;22.2;19.0
1737484524;22.2;19.0
1737484539;22.2;19.0
1737484554;22.2;19.0
1737484569;22.2;19.0
1737484584;22.2;19.0
1737484600;22.2;19.0
1737484617;22.2;19.0
1737484632;22.2;19.0
1737484647;22.2;19.0
1737484662;22.2;19.0
1737484678;22.2;19.0
1737484693;22.2;19.0
1737484708;22.2;19.0
1737484723;22.2;19.0
1737484738;22.2;19.0
1737484754;22.2;19.0
1737484769;22.3;19.0
1737484784;22.6;19.0
1737484799;22.6;19.0
1737484814;22.6;19.0
1737484829;22.6;19.0
1737484845;22.6;19.0
1737484860;22.6;19.0
1737484875;22.6;19.0
1737484890;22.6;19.0
1737484908;22.6;19.0
1737484923;22.6;19.0
1737484939;22.6;19.0
1737484954;22.6;19.0
1737484969;22.6;19.0
1737484984;22.6;19.0
1737484999;22.6;19.0
1737485015;22.6;19.0
1737485030;22.6;19.0
1737485045;22.6;19.0
1737485060;22.6;19.0
1737485075;22.6;19.0
1737485090;22.6;19.0
1737485106;22.6;19.0
1737485121;22.6;19.0
1737485136;22.6;19.0
1737485151;22.6;19.0
1737485166;22.6;19.0
1737485181;22.6;19.0
1737485197;22.6;19.0
1737485212;22.6;19.0
1737485227;22.7;19.0
1737485242;22.8;19.0
1737485258;23.0;19.0
1737485273;23.0;19.0
1737485288;23.0;19.0
1737485303;23.0;19.0
1737485318;23.0;19.0
1737485334;23.0;19.0
1737485349;23.0;19.0
1737485364;23.0;19.0
1737485379;23.0;19.0
1737485394;23.0;19.0
1737485409;23.0;19.0
